0.4269194 -0.3196889
0.7507182 0.1766327
-0.1700247 0.1306442
-0.3078019 -0.5115348
-0.1129158 0.5918099
0.1600171 0.5752135
-0.7364015 0.131353
-0.2218646 -0.5174286
0.09914857 -0.1567618
-0.5237591 0.9262136
0.9958313 0.8123765
0.7911007 -0.9677255
-0.4992348 -0.1862876
0.2496234 0.5552473
-0.6236478 -0.45988
-0.7821711 -0.09041893
0.6841204 -0.5686048
-0.5668531 0.8467785
0.249084 -0.8112777
-0.8051616 0.1780956
-0.1363186 0.619396
-0.7399208 0.2224438
0.5743337 -0.3030198
0.04529576 -0.8514072
-0.4101734 0.1817834
-0.572578 0.4441342
-0.6103188 -0.5160385
-0.6993545 -0.7748406
-0.8238968 -0.1668513
0.9354351 0.2887646
-0.1859713 -0.06993505
0.04337152 0.8458546
0.4718938 0.7016045
-0.63439 0.7152158
0.5182501 0.9016674
0.1974769 0.830618
-0.9899806 -0.294387
0.7432283 0.675313
-0.1671669 -0.8885957
0.6699804 -0.2789268
0.5943992 -0.79039
-0.903622 -0.9218905
-0.4534151 0.2781273
0.6793895 -0.2032284
0.6944438 -0.9393775
0.3030916 0.03670535
-0.1735813 0.662914
0.8467168 -0.8207805
-0.04670401 -0.7504473
0.3835197 -0.3837419
0.8358146 0.7783602
0.6576951 0.4604181
-0.03937291 -0.4421109
0.6980159 -0.4470632
0.2548495 0.1073434
-0.517232 0.5474686
0.1094786 -0.8146708
-0.9057136 0.9133115
0.831563 0.4144119
-0.1866763 0.9425108
-0.1614117 0.3682787
-0.5052948 0.01560162
-0.6370468 -0.4798892
-0.07809911 0.08020838
0.1330617 -0.942399
0.2882038 -0.8782415
-0.08639459 -0.1836001
-0.7495519 0.7127128
0.5507668 0.9946554
-0.3843106 -0.4090839
0.2197246 0.229721
-0.2385432 -0.2732555
-0.247861 -0.5266249
0.1652463 -0.2740071
-0.06910774 -0.08602511
0.2682608 0.32045
0.4823689 -0.7008055
0.6182943 -0.261632
0.8942957 0.4235953
-0.8605356 0.9856436
0.6182537 -0.4390762
-0.3191994 0.9393767
0.7731888 -0.2634969
0.009899188 -0.7897078
0.2286424 0.4980315
0.6658619 -0.09813128
0.7137873 -0.9561221
-0.4214219 0.1577441
0.6417994 -0.9264256
0.330966 -0.4019349
-0.9374844 -0.06455941
-0.8825524 0.892684
0.9746782 0.6520228
-0.8798809 -0.2322961
-0.964222 -0.1442582
-0.04421945 0.560243
0.7094891 -0.9062643
0.8776825 -0.5526456
0.4638485 -0.1243229
0.05671582 -0.9751219
-0.9879478 0.1263183
0.2853543 0.08972466
-0.5325503 0.1371762
0.2086314 -0.2618455
0.7035065 -0.3897732
-0.6094045 -0.4014979
0.6346456 -0.1919921
0.9612262 -0.9765162
-0.7645754 -0.8404802
-0.7520156 0.2684414
0.8984532 -0.8930226
-0.5449179 -0.5663006
0.4809786 0.2234772
0.2525985 0.5797598
0.8128144 -0.6779173
-0.7855381 -0.5172275
0.02534911 0.6558105
-0.8864833 -0.880962
0.7554425 0.4148012
0.7868327 0.9610052
-0.5418532 0.6770464
0.5210745 -0.1616427
0.09302948 -0.8471314
-0.2129397 0.192463
-0.1358903 0.5627356
-0.1368372 -0.8834533
0.771612 0.07442742
-0.498386 -0.4666185
0.3567333 0.5278911
0.2546983 -0.03628419
-0.05503654 0.1797462
-0.5349849 0.6468491
-0.209601 -0.3662186
-0.3963919 -0.6369154
-0.1765364 -0.7895205
0.08943474 0.6035787
-0.4972879 0.7786324
0.1950901 -0.9186626
-0.592648 0.7203643
-0.06889699 0.5685114
0.5251099 0.465841
-0.5850758 -0.3031811
0.360628 -0.6205271
-0.3735359 -0.1846268
-0.9025548 0.321897
-0.3004276 0.7229221
-0.4021507 -0.3694812
-0.1742023 -0.3652977
0.5941012 0.08988828
0.8829984 0.420326
-0.2757709 0.31663
-0.3567284 0.4953856
0.1885839 0.6090795
-0.4985351 0.1674154
-0.819284 0.009884133
-0.9438868 0.9928017
-0.5548937 0.676546
0.772469 0.07356605
-0.1292716 -0.8986425
0.3821442 0.2360592
0.5683903 -0.9626394
-0.2165349 -0.5752496
-0.5947977 0.3505824
-0.1067264 0.1137976
0.9533204 -0.6027232
-0.7634735 -0.9610194
-0.02800721 -0.4921987
0.3912998 -0.7885585
-0.5510707 0.9014747
-0.4252321 0.9182246
-0.9760291 0.4601884
-0.9141456 0.5191695
-0.9250859 -0.9198345
0.6191299 0.1461094
-0.8998117 0.1005135
0.6657008 -0.4062564
-0.1947684 -0.9308637
-0.403528 0.7854428
-0.2328909 0.1452273
-0.5486932 -0.4928808
-0.8664083 0.9664088
-0.3235821 -0.8759383
-0.2984767 -0.2903226
0.0466103 -0.8856143
-0.4453213 -0.8127127
-0.9426271 0.6750527
0.9007905 0.4714615
-0.07783153 0.0004646908
-0.9395775 0.1818196
0.7380098 -0.7068987
-0.9807226 -0.213064
0.4719777 -0.6348411
-0.04791108 -0.9611571
-0.0505384 -0.2864684
-0.9776637 0.7274217
0.6033113 -0.6523713
0.6050608 0.7402369
0.9479939 -0.1922667
-0.7372783 -0.470856
-0.2324713 0.8043266
0.0487071 0.07185362
-0.2544305 0.0730692
0.2321764 -0.5776949
-0.4106359 -0.5265386
-0.4577312 0.360287
0.3741445 -0.08235747
0.312476 0.3342996
-0.6139947 0.5473057
0.4417332 0.8891897
0.3214363 -0.1158313
0.341798 0.9592477
-0.3417664 0.6305934
-0.3453494 -0.03694576
0.9237344 -0.3985625
0.1879249 0.1842753
-0.4241411 0.227342
0.6694957 -0.1100812
0.9465002 0.6090569
0.2664941 -0.280554
-0.7386133 0.3589741
-0.676722 0.7004662
-0.6804606 0.6159918
-0.2521244 0.2721953
-0.7396084 0.2289043
-0.6366673 0.2836972
0.6988296 -0.5318752
0.05906514 0.6404724
-0.1454365 -0.3050743
-0.1079626 -0.3206464
-0.9351751 0.5546479
0.7317409 -0.5130191
0.5556866 0.6235416
-0.5100562 -0.5470974
-0.4738502 0.4392321
-0.3429779 -0.09748383
0.2227005 -0.2327726
-0.5342213 -0.6464199
-0.7663079 0.8539128
-0.4469807 -0.1205994
-0.7572004 0.3113169
-0.4794397 -0.6941896
-0.6561549 -0.3724745
0.5058533 -0.7027904
0.6787142 0.08235671
0.6763803 0.5335689
-0.4751017 -0.2065274
-0.245055 0.1822718
0.246111 0.1119256
0.2662594 0.16183
-0.7526126 -0.3472867
0.86539 -0.5220281
-0.3397106 -0.2241224
0.05326495 -0.4051091
-0.7225837 0.682184
0.6081144 0.9583301
-0.01433643 -0.4792651
-0.3167478 0.5007228
0.4178589 -0.1265944
-0.2897468 -0.1012118
-0.3914988 -0.5876921
-0.9903212 0.6439728
-0.5726464 0.6570392
-0.0176476 0.6437551
0.4682892 0.5082776
0.6255593 -0.9130958
0.3925654 -0.426768
-0.9880595 -0.8745808
-0.6418953 0.2266183
-0.8735462 -0.02517622
0.9703467 -0.5710453
0.2931602 0.4514366
0.6035604 -0.7675097
0.2011169 0.8389852
0.3485484 -0.6393907
0.8551155 -0.2686111
-0.9941643 0.1703583
-0.3113298 -0.02631375
-0.679024 -0.6424006
-0.3347558 0.1357032
-0.270645 0.7904833
-0.8560272 -0.2694247
0.7724379 -0.9718332
0.2030516 -0.5176867
-0.4468159 0.9283226
-0.2348461 -0.07100767
0.7124559 -0.05005513
-0.6114708 -0.6290383
-0.9081694 0.3474482
0.1733823 0.5560409
0.3593111 0.8850305
0.9462381 -0.7838308
-0.07936857 -0.6336093
-0.5539071 0.7618761
-0.8552629 -0.6796738
-0.01188177 -0.6564559
-0.5976738 0.1997636
0.02984066 -0.742302
-0.8445404 0.4873815
0.2559092 0.4303118
-0.07110284 -0.6111893
0.2574815 -0.6148938
-0.275949 0.6938464
0.1372827 -0.3784942
-0.2651069 0.04287264
0.5844774 0.05390221
0.3920559 0.8888012
-0.4057496 -0.8796489
-0.07426538 -0.9642229
0.9110741 -0.7812064
0.9173253 -0.07289039
-0.4092812 0.514004
-0.06405124 0.3429966
-0.2102074 0.394149
-0.02605411 0.08963678
-0.9883357 -0.461247
-0.9665228 -0.9696216
-0.8382493 0.1204308
-0.6349207 -0.8079887
0.1660043 0.5463439
-0.5063599 0.2153948
0.5619497 -0.4790389
-0.3426585 -0.1803437
0.5223115 0.4047362
0.3659428 0.7698
-0.9886696 -0.1800286
0.7665674 -0.463695
-0.7541501 -0.6450289
0.1722638 -0.1729609
0.6078957 0.388028
0.5506227 -0.1633145
-0.2839751 -0.2598501
0.5905427 0.4693192
0.5685273 -0.894263
-0.7242779 -0.7305418
-0.9298165 0.472874
-0.1045966 0.2726065
-0.08498642 -0.6893316
0.6776626 -0.4280275
0.3619103 0.9149523
0.9497112 -0.6242253
0.8900367 0.2300056
0.1777343 -0.08748918
-0.882737 -0.381589
0.597081 0.6049868
0.7536648 -0.555497
-0.8213528 -0.004882178
0.1825705 -0.5973386
0.372983 0.03565937
-0.9230846 -0.2935608
-0.6564001 0.0876923
0.9285009 -0.03269004
-0.8139125 -0.7032799
-0.2603348 -0.7159429
-0.22586 -0.3150385
-0.5954584 0.1724117
-0.5119932 0.7600134
-0.842968 0.08497513
-0.8377285 -0.1300777
0.4208324 -0.890908
-0.6141238 0.05975046
0.7003551 0.9005401
0.06880901 0.1466374
0.8465111 -0.7199325
0.9520751 0.544342
-0.03976204 -0.6487265
-0.7695852 -0.3123124
-0.9565155 0.5662569
-0.443981 -0.9597406
-0.1847844 0.2412463
0.2259828 0.6752903
-0.504232 -0.365888
-0.7643953 0.9671317
0.9081293 0.3673586
-0.6479269 0.3084077
0.5278226 0.9228571
0.3044792 0.4155169
-0.1758329 -0.6912014
-0.7809606 0.3673329
-0.6962434 0.1050464
0.5156031 0.6406511
0.2474861 0.827418
-0.5022018 -0.8863705
-0.5317494 -0.5722326
0.7487354 0.4084176
0.5891763 0.6298394
0.8298104 -0.9699102
-0.9111496 0.4441396
-0.5431306 0.8080269
-0.7833487 0.3589635
-0.814545 0.4863111
-0.1656192 -0.3747353
-0.653022 -0.1557345
-0.5887847 0.5263751
-0.8208104 -0.3752989
-0.2125324 -0.273715
0.9266156 0.1830964
-0.3519435 0.4846577
-0.4472089 -0.3320914
0.5627603 0.2371351
-0.2856027 0.2999921
0.5795476 -0.6768699
0.9183477 -0.9571527
0.09122879 0.8183316
-0.2261978 0.5442344
0.02449586 0.7003961
0.06592711 0.9956555
0.3217509 0.7073026
0.162561 -0.2385062
0.8401395 0.9482536
0.3990015 -0.175537
-0.7260004 0.117356
-0.3684142 -0.6502741
-0.6570791 0.5232831
0.8247689 0.9767022
0.1662021 -0.4896816
-0.7281947 -0.7065123
-0.1001483 -0.6565631
0.03491105 0.07249118
0.9312771 -0.05448232
0.7465224 0.3817213
-0.8530578 -0.7149901
-0.9652712 0.2999335
-0.9250821 0.871407
0.9161247 0.8301912
-0.1234149 0.8852277
-0.5180072 -0.5572967
-0.4102713 -0.1190828
0.8241566 -0.1695192
0.4326844 -0.2672664
0.8306072 -0.2702796
0.9060118 0.4176316
-0.9781278 -0.2398209
0.6478086 -0.112713
0.6532522 0.2995804
0.6584288 0.638417
0.8367316 -0.5057198
-0.9113847 0.3494069
0.1982772 -0.2105274
0.9182905 -0.1056545
0.1704167 0.5533608
-0.735072 -0.2937511
0.2250328 -0.7064219
0.2451601 -0.6273048
-0.1652807 -0.02714996
-0.4322045 0.7560844
0.2195435 0.6631316
-0.252451 0.9538802
0.8705084 0.304126
0.8032956 0.3251277
0.7477129 -0.123772
-0.8843512 0.5899015
-0.4674568 0.6341348
-0.4462549 -0.849751
-0.4545929 0.5467676
0.3010253 0.1039566
0.6498115 -0.4510549
0.8461184 -0.5437995
-0.9523618 0.6380067
-0.7068063 0.03067949
-0.3615487 -0.1418587
0.5964243 0.9053222
-0.7313345 -0.9434823
0.1234181 -0.0451932
0.09771251 0.2738595
-0.8368269 -0.06635497
-0.08306735 -0.3412604
-0.6771497 -0.03865472
0.6666726 -0.2127493
-0.7411182 -0.006089053
-0.6312724 -0.2283467
0.3653134 -0.6696704
0.1847653 -0.2369383
-0.4474881 0.5393714
-0.6925434 0.9313842
-0.4561335 0.7823756
-0.4244559 0.3962153
0.6312187 0.6652748
-0.007842464 0.8285905
0.722576 0.5388184
-0.886371 0.5530256
0.8984634 0.8740651
0.05411661 0.8046352
0.3362372 -0.2590715
0.5256809 -0.3979093
-0.2680397 0.0878883
0.4332021 -0.3618603
0.6822267 0.02323774
0.1743178 0.6125834
0.2131924 -0.9087917
-0.5750339 0.8776951
0.4698125 -0.6052791
-0.2888375 -0.03556691
0.4851875 -0.4768224
-0.9620242 -0.6254793
-0.05313856 0.3349754
0.6852201 0.4320142
-0.7392382 -0.6902143
0.3852378 -0.1907462
0.2546253 -0.7628226
-0.9997154 0.2912834
