-0.2295758 -0.5412253
0.01302475 -0.1093398
-0.9405795 0.3612713
0.07386164 0.1013032
0.6972453 -0.07303522
0.770196 -0.2489961
-0.4080602 -0.01892462
0.5898851 0.8772183
-0.3786901 0.9201016
-0.5825582 -0.02980148
-0.974705 0.0072539
-0.1697978 0.5630636
-0.006661503 -0.8179657
0.02420019 -0.16466
0.9096125 0.341916
0.4698374 -0.08721039
0.9651696 -0.6244242
-0.710346 -0.6509007
0.8462615 0.7811527
-0.2044205 -0.9055034
0.7057588 0.2140539
-0.5610959 -0.8792979
0.2965991 -0.08500259
-0.830696 0.07728533
-0.961521 -0.7863242
-0.6215949 -0.6587008
0.7592215 -0.4550558
0.5722587 0.5649656
0.3543032 0.1832124
0.7841734 -0.07041956
-0.4172122 0.2527685
-0.3625631 -0.215609
0.194184 0.9759633
-0.9447028 0.3567128
-0.4926565 0.7842197
0.0950319 -0.3583387
0.4317183 -0.04607525
0.4181048 -0.05230737
-0.947865 -0.2244343
-0.5500154 0.1954893
-0.05576173 -0.6897727
-0.6267918 -0.8662673
-0.4988103 -0.8237527
-0.9174693 0.3791109
0.06909694 -0.5044838
0.7939903 0.911838
0.6180221 0.6788734
0.04761592 0.7933824
0.2344412 0.5135693
-0.09652136 0.3839073
0.3070127 -0.3438906
0.6076198 0.7855793
0.9100401 -0.6070117
-0.4750782 0.3002409
-0.2536564 0.02533957
-0.384976 0.8848707
0.318653 -0.3211497
-0.8175676 0.635917
-0.2831638 -0.6659902
-0.4920992 0.5412568
-0.6418386 -0.1949812
0.6982153 -0.2049042
0.4600234 0.6466159
-0.4084425 -0.5815161
0.5571347 0.5011071
0.6573789 0.1338466
-0.3960481 0.9707005
-0.1627969 0.823885
0.2160508 0.7429191
0.2887186 0.2367635
-0.9542937 0.7189832
-0.6463151 0.6017983
0.02580489 -0.09612931
0.4203753 0.754219
-0.5070541 0.5972746
-0.008402882 0.7021967
-0.6729497 -0.1499919
0.5455701 -0.003876172
0.7983415 -0.9943348
-0.1495413 -0.05395832
-0.4396856 0.8596242
0.5388649 -0.6687346
0.5449122 -0.2291491
0.5127525 0.8963669
0.6491335 0.4939076
-0.8693223 0.3805069
-0.6514038 -0.7089859
0.5742376 -0.4450614
-0.1472792 0.1452828
0.906002 -0.2283817
0.5020725 0.9763466
0.09523403 -0.07293781
-0.835874 -0.7835319
0.885166 0.361754
0.2764547 -0.9870534
0.2472143 0.3985683
-0.06465443 -0.7517089
-0.5190523 -0.8623434
0.4716258 0.2569423
-0.05967817 -0.448632
