-0.0489403 0.9531910
0.8173160 -0.6068904
0.2497347 -0.7864549
0.1234961 -0.1594538
-0.2564301 0.7093850
-0.8218205 -0.5800461
0.2800786 0.9728444
0.6929195 -0.6943355
-0.8604946 0.1938744
-0.5161744 0.3107169
-0.3436054 0.3219338
0.6348597 -0.6608920
-0.9640343 -0.8769203
-0.4585212 -0.0981739
0.0856448 0.1054913
-0.5813173 -0.2018962
0.9656915 0.6098245
-0.7955565 0.6426499
-0.8553131 0.6154698
0.5047652 -0.1164072
-0.5746905 0.3160225
-0.1000857 -0.9411470
-0.9657603 -0.4643300
-0.7502313 -0.3112057
0.4150919 0.3180661
-0.4525124 -0.0374816
-0.5093753 -0.6410154
0.8472051 -0.9269481
-0.9685154 -0.0554833
-0.0246894 -0.7853527
0.9024328 -0.5728935
-0.7176691 0.3925287
-0.4497378 0.8949348
-0.3686745 -0.5028677
0.6378564 0.9500067
-0.6733521 -0.0812303
0.4490123 0.0048501
-0.9089561 0.9506640
-0.7134435 0.6468392
-0.6454447 0.8877833
-0.4545477 -0.8489417
-0.1623475 -0.4278585
-0.1175872 -0.1377217
-0.9562852 -0.9594768
-0.5417338 0.4476066
0.7830133 0.8838851
0.4591155 -0.2971775
-0.1215141 -0.7980604
-0.2852234 -0.9206645
-0.6919081 -0.7333778
0.5225937 0.1069111
0.0268346 -0.6805487
-0.3494654 0.3640884
0.4038078 0.5962514
0.3432882 -0.5516195
0.6591201 -0.7294652
0.6474587 0.6247520
-0.5512837 0.5038667
0.4377407 -0.9179018
0.7114908 0.8960407
-0.8812577 -0.1759672
-0.3919643 -0.2505661
0.8055133 -0.0929793
0.4889723 -0.7791224
0.7598570 -0.3916143
-0.0935980 -0.1502619
0.2720087 0.2565422
0.3633003 0.9582234
0.2986214 -0.8822696
0.7752417 0.7945499
0.8869408 0.9737128
-0.7172239 -0.4821342
-0.2563704 0.2542006
0.2704633 0.8112673
-0.8400058 -0.5749225
0.7833630 -0.9534718
0.9119297 0.6795352
-0.4708721 0.9428856
-0.1896370 0.4869204
-0.8836798 0.4660200
-0.5338473 0.2403134
0.7050147 -0.2136417
0.1335219 0.4781629
0.9242542 -0.3428456
0.1223195 0.0065538
0.1432080 -0.6195147
0.2919717 0.2085703
-0.0707031 0.2108483
0.9946160 -0.4079736
0.4962336 0.5544756
0.4375481 0.5563424
-0.9650459 -0.3935453
-0.1654323 0.7683479
-0.6967778 0.3134967
0.3025736 -0.1010904
0.3998106 -0.5736186
-0.3376443 -0.5466127
-0.9645070 0.2655741
0.8448994 -0.8121746
-0.2860310 -0.0682002
-0.4025330 0.9446010
0.6574633 0.5714770
0.9525527 0.2049846
-0.9304279 0.5125939
-0.6460687 0.6811118
-0.6961108 0.3023891
0.7649189 0.0222629
-0.6189473 0.1449803
0.2718618 0.5239710
-0.4708803 -0.9497253
-0.2609861 0.8928878
-0.2860120 -0.6750848
-0.7949191 0.3868093
-0.9193365 -0.9938079
-0.6079571 -0.7639874
-0.7608144 -0.1022614
-0.5667333 -0.8367216
0.5311372 0.4985205
0.1298983 0.7486993
-0.9597163 0.2880430
-0.6194291 0.6749794
-0.3784871 0.3615631
0.7041180 -0.8487403
-0.1774052 0.0163845
-0.8595886 -0.4123811
-0.7182517 0.6742154
-0.4814005 0.6697583
0.4136154 -0.9185514
-0.3626185 0.6209434
-0.1032683 0.3325845
0.0657504 0.3419276
-0.1154368 -0.8050249
0.7544342 -0.7637920
-0.7275043 0.7069960
0.7628246 -0.4899298
-0.4756924 -0.7263109
-0.4719150 0.8066822
-0.5316976 0.6931219
-0.2928618 -0.5200419
0.1907001 -0.6053510
-0.4545700 -0.6955884
0.9212147 -0.0642690
-0.2284432 -0.0576527
-0.5603799 0.9132555
0.2985975 -0.8168623
-0.9936719 0.0137879
-0.2286502 -0.7936954
0.4842666 0.4703433
-0.6762754 -0.4347060
0.2990697 -0.0836437
-0.6664488 -0.6333071
0.4965434 -0.9131200
-0.0847857 -0.2660821
-0.2826965 -0.9238615
-0.7100983 0.9046302
-0.7832356 0.1019590
0.7619722 -0.8119417
-0.7828944 -0.5305603
0.9555165 0.5124850
0.3018734 -0.7638412
0.6901995 0.9219659
-0.6441525 -0.8440279
0.6259751 0.6636415
-0.7058861 -0.7436708
-0.4403736 0.5815791
0.8390804 -0.9115055
-0.8751383 0.4787154
0.0541605 -0.6812058
-0.3668654 -0.1251290
-0.9755426 -0.7281272
-0.7817904 0.6260094
-0.8106658 0.8353786
0.8323822 0.3223477
-0.8183487 0.4448065
-0.0759780 -0.8668949
-0.7907582 -0.3832712
-0.4002051 0.9726973
0.7485393 -0.6635437
0.7623138 -0.9776285
-0.8002839 0.0559123
0.2262049 0.2754316
-0.8910780 -0.5684214
-0.5051404 -0.5165495
0.5119112 0.6989295
0.4480294 -0.7754422
0.3798314 -0.8019363
0.0237033 -0.5221343
0.9205704 0.1433006
-0.9778528 -0.8211654
0.1982304 -0.7604029
-0.0089179 -0.2310031
-0.0188217 0.0081045
0.9497433 -0.8642239
-0.7861305 0.5585900
-0.4608160 0.2927494
-0.0738264 -0.7108377
-0.7851521 0.7496265
-0.4003148 0.5780610
-0.8283191 0.4048474
-0.0742026 0.0276705
-0.7115275 -0.0318486
-0.0586517 -0.3505464
0.5978584 -0.9427154
-0.5943743 0.5827936
-0.0904154 0.4882283
-0.3699231 -0.3715841
0.2874173 -0.5296853
-0.6385556 -0.1228545
0.0858929 -0.0552398
-0.5792366 -0.9474671
0.5864441 -0.8654238
0.7622829 -0.0521968
-0.9349187 0.8462432
-0.0892211 0.7376758
-0.5406823 -0.4114466
0.5311453 0.7765909
0.2769253 0.8168013
-0.1523506 0.9899342
0.4234813 0.5255484
0.6943814 0.7083049
0.6946533 0.6210493
-0.4979669 -0.8596217
-0.4922414 0.6731669
-0.3791991 -0.2378862
0.3458910 0.3400698
0.4418558 0.0864368
0.8933881 0.2477051
-0.5843070 -0.5680518
-0.5898798 -0.7023761
-0.6056733 -0.4386563
-0.7141329 -0.0909640
-0.9040976 0.8099756
-0.9171894 0.6366540
0.9263893 0.0945796
-0.3747748 -0.8511742
0.1096866 -0.9484583
-0.4932607 -0.2806066
-0.3961645 -0.8419554
-0.7460139 -0.2582388
0.4301774 -0.9144068
0.8431834 -0.3185083
0.8986968 0.4243629
0.1619382 0.7298118
-0.3851239 0.3925330
0.8443431 0.6903794
0.7920583 0.5957319
-0.3481854 -0.5617496
-0.1121048 -0.3105159
-0.5056226 -0.1104363
0.2519441 -0.3049895
0.9410216 -0.1637495
-0.7909258 -0.9665441
0.0410049 0.8937721
-0.2602036 -0.4568230
0.5072449 -0.3165026
-0.9448060 0.4884299
-0.7746145 0.6723889
-0.9360568 -0.7158619
-0.0873551 0.4164702
-0.7631514 0.2002147
-0.2720095 -0.0386397
0.7935687 0.0247482
0.7640588 -0.2974102
-0.6897988 0.6471656
0.4001750 0.6702014
0.1578871 -0.7508470
-0.1355996 -0.3604165
-0.2163164 -0.9869192
-0.8619991 -0.7637008
-0.4619673 -0.4260183
0.2965871 0.0624328
-0.6290319 -0.0581192
0.7825771 0.9344123
0.4826690 0.7667326
-0.1824323 -0.0613986
-0.6813181 0.5467902
0.4667516 0.4377155
0.9571271 0.7317146
0.7510565 0.5148868
0.0952851 -0.1191299
0.5293834 0.7541568
0.1576631 -0.2704370
0.0260709 0.5946411
0.0908628 -0.4525029
-0.2438376 -0.8217172
-0.4598743 0.7890607
0.8828788 0.7913274
0.8864925 -0.4499408
0.4661537 -0.5532468
0.1279775 -0.5094588
0.0502062 0.2628804
-0.8782326 -0.4914887
-0.6356629 -0.8643432
0.9735686 0.1622771
-0.6720772 -0.6331225
0.8719828 -0.1522002
0.5502295 0.0298639
0.8038224 0.7032777
-0.8568865 0.5653549
0.8893623 -0.3051914
-0.8503883 0.0563728
0.2260642 0.1462687
-0.9332272 -0.3601507
0.6544221 -0.1977372
-0.2002632 0.8885115
-0.3644547 -0.6403613
-0.6017628 0.7327701
-0.0871230 0.2122164
-0.8568713 -0.7555476
0.4557326 -0.6886877
-0.4333605 -0.6434157
-0.1320643 -0.5761425
0.4499995 0.8137217
0.7051683 0.7421189
0.2900348 0.8997201
0.9345012 -0.2276113
-0.4572344 0.0157502
-0.6220995 0.3013646
0.4639230 0.4605137
-0.7314454 -0.7460032
0.4095935 0.3968358
0.8487022 0.1349843
0.5798421 0.4844426
0.0227261 -0.2959497
0.2974315 -0.5843042
-0.8321195 -0.4459151
-0.8261058 -0.1302649
0.5490154 0.2128897
0.8600674 0.3244332
0.6351269 0.9512577
-0.5309017 0.9988935
0.6724262 0.8346791
0.3625302 0.8761823
0.2140793 0.6461209
0.9793307 -0.8088282
-0.9314531 0.0371307
0.8983095 -0.6806872
-0.5513674 0.3153306
-0.9420471 0.1005687
0.8841094 -0.9069864
-0.6617267 0.2803085
-0.7699224 -0.8290960
0.1799236 0.8019069
-0.1189852 -0.5714069
-0.3977777 -0.5445849
-0.7120931 0.8907223
0.1391309 0.5450095
-0.2309227 0.5970872
0.2553020 -0.6415697
-0.8581853 -0.5364565
-0.5954212 0.8386715
-0.3709655 0.1129059
-0.1555941 0.0178235
-0.7350592 -0.8472860
-0.0343856 -0.6652297
-0.2258341 -0.2910672
-0.2833480 0.3636638
-0.1721684 -0.8768143
0.1210053 -0.6104274
0.8635301 -0.3927586
0.3771307 -0.2800552
-0.4911892 0.0562876
-0.5623200 0.1307493
0.1589603 -0.7390249
-0.5187429 -0.8928739
0.6398721 0.6633852
-0.0766436 -0.0886313
0.2537635 -0.7284421
0.1578075 0.0392182
-0.6015691 0.9218046
0.6154415 0.3577695
0.9839182 -0.1708028
-0.6046624 -0.3590385
0.4444732 0.2263253
-0.7775253 -0.9978892
-0.1073403 -0.2543947
0.7158777 0.1846202
0.0225405 0.3748442
0.2314907 -0.0491284
0.0158725 0.7389856
0.7367711 0.4552718
0.1115333 0.4486531
0.3015372 -0.9403827
0.8217943 -0.4726793
-0.9577936 -0.5761869
-0.8388155 0.3878337
-0.1543847 0.9967355
-0.1621985 -0.9672991
0.1174133 -0.3359524
-0.9242092 0.6017602
-0.7560125 -0.4582530
0.6633433 0.9808261
-0.0070467 0.8088588
-0.8904095 -0.6289095
0.6308189 0.7425500
0.6293969 -0.9535538
0.8300251 0.0318609
-0.1476432 0.3217258
-0.1587688 -0.8411630
-0.1464656 -0.5873217
0.4751296 -0.4171586
0.9696261 -0.3898258
-0.1164499 0.6101462
-0.7651742 -0.2353657
-0.8459734 -0.8625261
0.3358611 -0.4251818
-0.4898178 0.4042297
-0.0515144 0.3737087
-0.2297080 0.9704573
-0.5786603 -0.5562769
-0.5656777 -0.8358297
0.4431463 -0.1336678
0.3786387 0.5357417
-0.2209636 -0.4590543
0.5514862 -0.4573930
-0.5920676 0.6930881
-0.3901299 0.7800745
0.7477504 0.3531222
0.4659889 0.9419007
0.6658451 -0.8552892
0.1825763 0.3064270
0.2200134 -0.0929259
-0.0081354 -0.5748781
-0.4124612 0.8518379
0.4114185 -0.6272699
-0.3367505 0.0428167
-0.5919401 -0.7918865
0.1204775 -0.5364483
-0.7449353 -0.4935134
-0.3657904 0.5585187
0.4429110 -0.2306804
-0.3453595 0.8726781
0.8975590 -0.8606157
0.5397460 -0.4862649
-0.3639680 0.2904413
-0.7069328 -0.5848092
0.3537493 0.6955701
-0.4694912 0.8672852
0.1658257 0.2253695
-0.6931555 0.0225279
0.9793779 0.0585768
0.7423615 0.7341097
-0.2174535 -0.8457357
-0.0655053 0.4948681
-0.0818000 0.0069891
0.8726010 -0.6147971
0.4150712 0.5151701
0.4228671 0.5893619
-0.2335939 -0.4615209
-0.7530639 0.7289317
-0.8526115 -0.3334004
0.3843212 -0.9947990
0.9496539 0.9158551
-0.6515161 -0.2833216
-0.2129771 -0.2857519
-0.8666763 -0.5802963
-0.3436480 -0.9172023
0.0793522 0.6695575
-0.2997508 -0.6456921
-0.4272676 -0.9376566
0.6661601 -0.0595733
-0.8947173 -0.0260961
0.7020732 -0.7074943
0.8829950 -0.3381804
-0.5195951 0.1980401
-0.0730604 0.1945777
-0.0350313 -0.6249483
0.3966267 -0.8451731
0.2488067 -0.0999889
-0.8834918 0.4019917
0.9088991 -0.5648391
-0.1894739 0.9841567
-0.0992683 -0.0228039
-0.5559492 0.1585844
0.7297766 0.5367800
0.0042108 0.3428697
0.1163389 0.0068882
-0.2362562 0.7500380
-0.9174912 -0.4735763
0.6812516 -0.8577437
-0.7731829 0.6385601
-0.6824938 0.8843400
0.5079652 0.0134264
-0.7902244 0.2660418
0.2429599 -0.8602935
0.1817047 -0.7069411
-0.7690278 -0.0390073
-0.9892429 0.5472300
0.4406987 0.8771246
0.5430316 -0.8906292
0.3089370 0.8465204
0.6749309 -0.3695349
-0.7613409 -0.1282133
0.1434239 0.0470867
-0.2359361 0.3409935
-0.5639213 -0.6488914
-0.8946967 0.4896123
0.5582762 0.5412236
0.6903256 0.0795388
-0.8821863 -0.9141950
