0.3227256 -0.3951762
0.4251580 0.5971283
-0.3887658 0.6880439
0.0287987 -0.7462412
-0.5389629 -0.1113196
0.5046475 0.9332932
-0.0200100 -0.1043679
0.6980958 0.7815385
-0.5003786 -0.7143435
0.9684859 0.7061560
0.9110488 -0.7879349
-0.5510065 0.6263416
0.1037281 0.1342626
0.0339317 -0.7130373
0.3521450 0.1397700
-0.2787562 0.3873194
-0.0985587 0.4807392
-0.0444434 -0.7833184
0.8594798 0.5624573
0.9295704 0.3139204
0.2013193 0.7346878
-0.0834121 -0.6454736
-0.0392872 0.2297013
-0.9190379 0.4512020
-0.3665584 -0.6637257
-0.3021236 0.7368963
-0.1284831 0.6285690
0.1602576 -0.6671765
0.7241129 -0.1362123
0.5852808 -0.6623354
0.8103872 -0.8229197
-0.2680288 -0.0626365
0.7139560 0.2525300
-0.7093267 -0.5616256
-0.5066656 -0.7314817
0.0012352 0.3992241
-0.5276871 -0.0700457
-0.4052084 0.8045671
0.7599680 0.9231936
0.6086604 -0.6363411
0.3341253 0.5299862
0.1917786 0.3917603
0.1296076 0.0731185
-0.6716684 0.5517926
-0.8938428 -0.3122785
0.9998771 -0.2442683
0.7913954 0.3019051
-0.4451443 0.5396475
-0.0654713 -0.2491941
0.2425641 0.5486650
-0.5347808 -0.9857557
0.3149636 0.4330003
0.2151796 -0.5409451
-0.3473581 -0.0906668
0.2772124 -0.8405312
0.9195866 0.3225585
-0.5562421 0.6499282
0.1614570 -0.6031652
-0.4258787 0.4761080
-0.8861271 -0.0288226
0.2205887 -0.0771727
-0.1062823 0.0659589
0.5283616 -0.4535498
-0.1441678 0.3104546
0.4795210 0.3558171
0.0336255 0.8512029
0.3357464 0.7458823
0.4846297 -0.1355649
0.9453754 0.9935787
0.3778886 -0.8761008
0.8953962 -0.0711877
0.8303971 -0.3937146
-0.9265619 -0.3062234
0.6037393 0.6406793
-0.3440086 -0.9084253
0.0530321 0.1428382
0.6181819 -0.3108355
-0.4824369 -0.4310775
-0.7186759 0.1310681
-0.3018802 -0.6038252
0.5982324 0.0116660
0.4171478 -0.8612359
-0.5538835 0.7693795
-0.5075126 0.8762226
-0.5998755 -0.2766071
0.5952608 0.0236906
-0.1964055 0.4424183
-0.1445649 -0.1512328
0.2310792 0.2824096
0.9650078 0.0809585
0.7864746 -0.4552848
-0.1007450 -0.3695158
0.5174499 -0.5155846
-0.2449530 -0.5207594
-0.9055953 0.9413484
0.0086180 -0.0312346
-0.0388847 -0.6941783
-0.8048940 -0.3904249
-0.7367621 0.9048517
-0.6563787 -0.0606090
0.2736818 -0.7014180
-0.6362728 -0.7962431
-0.7901268 -0.6438333
-0.5552450 0.4704282
-0.5054730 0.8067154
-0.2339927 -0.5362921
-0.9700699 -0.5137281
0.4685935 0.6307198
-0.8544665 0.5157573
-0.4218017 0.1202143
0.1246696 0.6665338
-0.5814187 0.1152073
0.8729744 0.3300309
-0.0789594 0.8202254
-0.0107075 -0.2613137
-0.2316885 0.3453572
0.7522176 0.9027809
-0.7182528 0.2740494
0.7026621 -0.7037153
-0.6451122 0.2915018
0.6062702 -0.5496719
0.8349613 0.7384722
-0.7418984 0.1227225
0.2913262 -0.3827726
0.5116475 0.1029840
-0.2027983 -0.7733154
-0.2854911 -0.4035216
0.7268899 0.4988219
-0.9556276 -0.2966295
-0.8302329 -0.1108194
-0.1843606 0.6325099
-0.1285728 -0.3224722
0.2722343 -0.3134316
-0.8775430 0.6616107
-0.2165927 -0.9277554
0.9275223 0.5771865
-0.0923344 -0.5279515
-0.9071883 -0.4197826
-0.6620672 0.6567481
0.9383541 0.3852701
0.5027010 0.1097274
0.1977338 0.0719811
-0.1334333 0.2051922
0.5565940 -0.7735485
-0.8279305 0.7945101
-0.0757965 0.7912232
-0.5745527 0.4970296
-0.7022111 -0.5665851
-0.1505628 -0.2195603
0.4937697 0.2986961
-0.5297894 0.1848748
-0.1642866 0.9386622
0.4465233 -0.4740564
0.8734673 -0.9878661
0.1928037 0.8352037
0.9570173 0.7957275
0.7136964 0.2740348
-0.4143502 -0.1234455
-0.1272977 -0.9010750
0.2425128 0.8733444
-0.9994736 0.2799505
-0.7509011 -0.2672760
-0.0504771 -0.1263991
0.6627146 0.6099510
-0.6442908 0.4275874
0.9336364 0.2298642
-0.5808010 0.6969695
-0.8315653 0.9471968
-0.2049290 0.4779724
-0.5828789 0.2694532
-0.8761726 0.1669429
0.3056251 -0.8308322
0.1135424 -0.2645248
-0.0593576 0.9493164
0.6144498 0.9113967
-0.4157950 0.4305756
-0.2271452 -0.1371982
-0.7771719 0.9066760
0.2925467 -0.7903545
-0.9802260 -0.1262113
-0.9058951 -0.5272367
-0.6121409 0.7980626
-0.7417962 0.0995816
-0.6818951 0.2557315
-0.7381347 0.9092675
-0.1159852 0.2944975
0.8472381 -0.7726732
0.9660871 -0.8545415
0.3082980 -0.6198461
-0.9896747 -0.8412315
0.4134314 0.0130017
-0.5068000 0.0116919
0.4695035 -0.2995470
0.8979353 -0.7296055
0.4986752 -0.4970369
0.3138484 -0.9572842
-0.5529579 0.9297200
0.9960638 -0.8772478
-0.2189297 -0.7987106
-0.0610844 0.2049349
-0.0920309 -0.3166905
-0.7256470 -0.2379003
-0.8005782 -0.8479538
0.0129287 -0.1416461
-0.3632575 -0.1691434
-0.7557884 -0.4688643
-0.3320237 -0.1020969
-0.5730668 -0.2504058
0.6340878 0.8240386
0.3637976 0.7419033
-0.9834643 -0.7270516
0.7140330 0.1843190
0.1199360 0.9413367
0.5436244 -0.7508755
0.4694686 0.2726120
0.8813018 -0.4971064
0.8228726 0.1602582
0.9538720 -0.5681292
-0.2687384 0.3700387
-0.3281796 0.9426816
0.7238751 0.6964636
-0.1265252 0.6953485
-0.2156987 0.0674144
-0.8846253 0.0191072
-0.4431351 0.7739949
0.9633359 -0.1000236
-0.8481372 0.7057027
-0.4305316 -0.3003803
-0.8656202 0.8444631
-0.4132506 -0.9335364
0.9535881 -0.1752521
-0.9476331 -0.8575436
0.1251357 0.3909125
0.8412539 -0.8501311
-0.8510588 -0.6323139
-0.7847100 -0.8347715
-0.9239063 0.8497900
-0.9558859 -0.3207746
-0.3445135 0.7986817
0.8499288 0.5863156
-0.6853504 -0.4215652
-0.9550665 -0.0736336
-0.4315917 0.8108130
0.8474264 0.6163037
0.9211588 0.5193812
-0.8426461 -0.1474645
-0.8467529 0.7945154
0.8671209 -0.8769422
-0.3818632 0.4929420
0.5391172 -0.4550787
-0.3936274 -0.3547558
0.0034608 0.9157883
-0.9637522 0.3119379
0.4608347 -0.3202674
0.5500985 -0.0426411
0.5690689 -0.8320570
-0.7144353 0.2758486
-0.9516700 -0.6070783
-0.1340083 -0.5591285
0.7328220 0.2104478
-0.5983229 0.3916821
0.6103332 -0.0198098
0.9552317 0.3598124
-0.5649822 0.4315513
-0.9166536 -0.6198249
-0.6459399 0.5261057
-0.0557656 0.7876467
0.1798277 0.7101383
-0.0067652 -0.1276859
-0.2404561 -0.6264817
-0.0556719 0.8159085
0.4477571 -0.9716397
0.8154471 0.3063281
0.6109073 -0.4872322
0.9755164 -0.1748565
0.9346590 -0.9371431
0.4430022 0.2828662
0.7906407 -0.9295528
0.9734454 -0.6749295
0.9297536 0.9101035
-0.0002194 -0.5430882
-0.8906768 -0.5991494
0.4329501 -0.9639799
-0.0407094 -0.6995514
0.1535504 -0.9072434
-0.1356229 0.8621401
-0.7658914 -0.5025914
0.2346115 -0.8466258
-0.6530107 0.6863114
-0.8633809 -0.1996687
0.9981145 0.2251421
0.0416816 -0.9754388
0.2289657 -0.2796047
0.3796744 -0.2645282
-0.7842381 -0.7632741
-0.7039304 -0.2369943
-0.5232732 0.7573043
0.3784588 0.2145318
-0.7493420 -0.9655592
-0.5991890 0.5907506
-0.4148661 0.2934994
0.6441811 -0.2430515
-0.3095446 -0.3955705
-0.5810031 0.7217970
-0.5466287 0.1900077
0.2998600 -0.3814445
0.3171642 -0.2045720
0.2478175 -0.3804721
-0.6005513 0.5863856
0.4625303 -0.1106634
0.9546736 -0.9882867
-0.7208849 -0.9950464
-0.4895044 -0.6681424
-0.8374758 0.3933426
0.3528640 -0.0281900
0.1821841 0.2738450
-0.4714207 0.3019001
0.1015742 0.6038198
-0.2662627 -0.7888694
-0.6130599 0.1308194
0.6256967 0.4944648
0.8416083 -0.1772867
0.0100234 -0.3912820
0.2495295 -0.0665766
0.8432733 0.6036099
-0.2349726 0.6473018
-0.8289959 -0.9662251
0.6606224 -0.4155455
-0.0696585 -0.9496012
-0.8714816 0.5105727
-0.5816543 0.6985691
0.2315990 0.6780699
0.5530054 0.6713618
-0.9589723 0.8349493
0.3164309 -0.0920057
0.4047274 0.5633890
0.7497671 0.7237392
-0.3925296 0.0200974
-0.2347247 -0.2691130
-0.6369974 -0.0368486
-0.4924089 0.4362299
-0.3728526 0.6839770
-0.4987163 0.0274087
0.5731930 0.6747929
-0.0703438 -0.0100531
-0.2175072 -0.9758940
0.0280411 0.8960418
0.7886881 -0.3345581
0.4425686 0.2896652
0.6620975 -0.4168919
-0.7698720 -0.2370690
0.5749560 -0.9670638
0.8686322 -0.6258209
-0.2650983 0.4981500
0.5951585 -0.4437710
0.8940909 -0.3291856
0.9191715 0.6793910
-0.5522045 -0.9333816
0.1653503 -0.7788074
-0.9228763 0.2321185
-0.1787913 -0.0071902
-0.8576597 -0.3194170
0.6516836 0.3507222
-0.1713689 -0.6645263
-0.3857767 0.0842092
-0.0090411 0.9855964
0.5857707 -0.5202237
0.9225828 0.7356161
0.4582713 0.8232195
0.1339965 -0.7551102
-0.8233451 0.7274884
-0.0696905 0.3041000
-0.4330402 -0.6130689
0.7200525 -0.4998570
0.1848753 -0.0655984
-0.0951793 0.2501349
-0.9721913 -0.0894374
0.7409299 0.3133486
0.9249615 -0.0446539
0.3109994 0.7412731
0.4359785 0.2995289
-0.6529350 -0.7539970
0.4057315 -0.3375867
0.7778691 -0.0884033
-0.3312712 0.3495115
-0.0070432 -0.4062401
-0.8564881 -0.6147692
0.3533986 -0.9267587
0.7440047 0.7245136
0.7622309 0.4514938
-0.2336591 -0.2004276
0.0441790 -0.8698864
0.5777698 0.6873298
-0.5804082 0.3156119
-0.4119023 0.6182033
-0.9119235 -0.2644854
0.3935281 0.5045859
-0.2937083 0.8037052
-0.4633290 -0.2203505
0.0203104 0.9201257
0.6664750 0.6999354
0.3495517 -0.5529180
0.0223472 -0.2225087
0.5583372 0.4166035
0.5240160 -0.6939793
-0.2656108 -0.6658857
-0.5546651 0.0184993
-0.3840375 -0.4600617
0.0502850 0.7826994
0.7883646 -0.4736235
-0.3604003 0.1171643
0.7045048 0.5884153
-0.4652584 -0.0704805
0.9792664 -0.5468093
0.1302645 -0.2312293
-0.6853078 0.3823111
0.3765725 0.1908949
0.2275306 -0.7694793
0.0918187 0.9581800
-0.7769524 0.3719317
-0.4059717 -0.0857510
0.3409736 -0.4882456
0.9168559 0.5182769
0.8613628 0.2072833
-0.7272640 -0.8599857
-0.1133480 0.0335419
0.0080235 0.3798427
-0.3116989 -0.8279914
-0.4346377 -0.2467763
0.0665468 -0.4045628
0.1852204 0.3849141
0.0344254 -0.2743570
0.5021109 0.4117395
-0.4059663 0.8793059
0.9560871 0.1707462
0.6266593 0.5924643
-0.8430607 -0.6619930
0.6725361 -0.1846595
0.5805597 0.8976351
0.0913874 0.3463943
-0.4788997 -0.5062933
-0.9057585 0.3107069
-0.7207296 -0.7311743
0.5987376 -0.6375835
-0.0573801 0.3063867
0.5483178 -0.7111086
-0.7550578 -0.2191034
-0.8492446 0.3918152
-0.1739278 0.1246054
-0.1332719 0.9335740
-0.2385780 -0.0740463
0.3309169 0.6503013
0.4061735 0.9791696
0.2139989 -0.6640756
0.1401470 -0.1208857
0.8956462 0.6807240
-0.5545966 -0.1462397
-0.7175194 -0.7489874
-0.3420437 -0.1879798
-0.4588641 -0.1691538
-0.9077042 0.7817265
0.9845696 -0.3919961
-0.9922266 -0.3994723
0.1476203 -0.6834652
-0.9539958 0.9216174
0.7169455 0.9847916
0.8398303 0.2246794
0.1564755 0.4325479
0.1930924 -0.8331570
0.9803158 0.9856354
-0.3576275 -0.9890930
-0.9967003 -0.1612058
-0.1258051 0.7135163
-0.3162685 0.9769382
0.5155585 0.8980450
-0.6767137 0.7317853
0.5276467 0.7592988
-0.2329688 -0.2536598
-0.4601851 0.9319791
0.7612282 -0.6994305
-0.6818588 -0.9968092
-0.0768735 -0.6508803
0.8452307 0.4524980
-0.7629310 -0.1511593
0.9383483 -0.0472182
-0.7338170 -0.6419848
-0.9476602 -0.0095798
-0.1571683 0.6184861
0.7388037 0.1124173
-0.5370957 -0.9343756
0.6807105 -0.3495533
-0.3034517 0.6899752
0.7589419 0.7306847
0.8414508 -0.7316985
0.3982740 0.7699225
0.9662489 -0.2809593
-0.6755976 -0.6631209
-0.9662192 -0.8640394
0.7381623 0.4333175
0.4032954 -0.4803692
