0.9468930 0.8565643
0.3338979 0.8479166
-0.1152323 0.0282518
-0.5157827 0.2351484
-0.3444174 -0.4622000
-0.1973175 0.4658697
-0.4177611 0.0299917
0.8732067 -0.4120942
-0.4250721 -0.9844933
0.3792253 0.2798527
-0.2088522 0.8913876
0.6749262 -0.7601957
0.1370628 0.9903309
0.4739646 -0.1155401
0.1012114 0.6961093
0.0130998 -0.3834422
0.8873982 0.1861250
0.5858252 -0.6842384
-0.1290270 0.5237041
-0.4766218 -0.9401454
-0.5760145 0.6638971
-0.0724613 -0.4280998
0.5577236 0.9621703
-0.2908179 0.8861191
0.7332715 -0.8311572
-0.0401486 -0.8417021
-0.4302305 -0.1467174
0.2042597 -0.5945022
0.8663378 -0.0474545
-0.6498358 0.3521214
-0.1921646 -0.7840865
-0.2823438 -0.3210756
0.5750733 0.6731485
-0.3256085 0.9233133
-0.5723512 0.2691248
-0.8234883 -0.8323809
-0.1089079 0.7631559
-0.9337121 -0.4573278
0.7707005 0.2836948
-0.1806144 -0.6632625
-0.5929460 -0.7006293
0.1693525 -0.6901982
-0.4121123 -0.3457161
0.2820006 -0.0159733
-0.9566596 -0.3481820
-0.5269690 -0.2293040
-0.6867443 0.4317777
-0.5539210 0.1710996
0.5430195 -0.3847622
0.1174608 0.0638350
-0.1545648 -0.6063721
0.0880749 0.8625734
0.8195003 0.2888359
-0.0507164 0.5693495
0.7372584 -0.2029682
-0.9512981 -0.5521820
0.7680898 0.4509576
-0.0907723 0.1101999
-0.5891214 -0.7772292
-0.5013216 -0.3227040
0.4981773 -0.6934495
0.5471086 0.9145823
-0.4110713 0.7700309
-0.6918569 0.5820370
-0.7507374 -0.5480878
-0.1579165 -0.8831551
0.7002423 -0.6952867
0.2275016 0.4293746
0.1240109 0.1532773
-0.6749849 -0.2142208
-0.4550995 -0.2880467
-0.3326022 0.0985839
0.5666922 -0.3150853
-0.5932849 0.1097078
-0.5058876 0.2547927
-0.0708752 -0.4660912
0.5183179 -0.1737729
-0.9311216 0.5494153
0.4930724 0.0295338
-0.2230983 0.0969823
-0.6842500 -0.9590871
-0.2482993 -0.2886971
0.4013006 -0.5523756
-0.8999251 -0.4295005
-0.7028493 0.0463083
0.7950910 -0.9178352
0.4190046 0.3060615
0.9402733 -0.9278180
-0.4901519 -0.0276006
0.7803985 0.2975702
0.7530923 0.1458196
-0.6980706 0.5311054
-0.3247641 0.4830264
-0.8354978 -0.9683104
-0.4583402 -0.3086565
-0.9176821 -0.7948902
0.5914072 0.5806889
0.1105238 -0.9318953
-0.0521125 0.3046022
-0.1915208 0.2844085
0.4290752 0.6704171
0.3570215 0.6366306
-0.0702389 0.1013562
0.6482445 -0.4184724
-0.2964039 0.2635833
0.6580863 -0.3770736
-0.8428007 -0.7297543
-0.2123723 0.0096268
-0.7091551 -0.4892019
0.2603706 0.4809553
0.9781003 -0.0852974
0.6671051 -0.0082361
-0.5435354 0.9255096
0.1988789 -0.6910322
-0.3517762 0.4627446
0.7879087 0.3520019
-0.6246613 0.3462153
-0.8280606 0.6117826
0.2847487 0.2231227
-0.5873789 0.5684115
0.6262301 -0.7095715
-0.9460761 0.4903236
0.5498581 0.3559842
-0.4325207 -0.6171038
-0.8909736 -0.3341094
-0.8051161 0.5057399
-0.5810855 -0.7531458
-0.5224177 -0.2338101
-0.4795082 0.5075337
0.8135085 0.1277919
-0.2174803 0.2302543
-0.0261068 0.7563263
-0.5298530 -0.9855079
-0.1958795 0.5545547
-0.0252644 0.5716459
-0.6110313 0.1106312
-0.5579513 -0.4659789
-0.2855948 0.1538406
0.3049351 -0.8625162
0.2768077 -0.9539011
0.1374338 0.6539339
-0.2971303 0.9205628
-0.5818730 -0.2520997
0.7501485 0.5906741
-0.1778433 -0.9185290
-0.8226294 0.0658248
-0.1869430 -0.2282138
-0.9163451 -0.2980147
0.6377290 -0.2123300
-0.2135783 0.9800639
0.9673024 0.7831247
-0.0638170 -0.4254697
0.4482013 -0.1108253
0.6526763 -0.2354032
0.8952951 0.5651106
0.9767224 0.2016724
0.4755624 0.0503414
-0.5670254 -0.1820658
-0.7470416 -0.3393141
-0.6449656 -0.0444512
-0.9616422 0.4306976
-0.2632879 -0.7074094
0.8910424 0.7280074
-0.8887384 0.3487771
-0.1615086 0.0459759
-0.1919659 -0.4090677
0.3770108 0.8412573
-0.9699660 -0.1381564
0.4393244 0.2741712
-0.9464161 0.4443615
0.0610707 0.2451538
-0.1353448 -0.0627767
0.6228157 -0.3279189
-0.0941192 0.9634914
-0.4420836 -0.3684621
-0.5927670 0.5390615
0.9126169 -0.7792127
-0.7580099 0.7662529
0.8809573 -0.1103029
0.2367511 0.8854362
-0.5073339 0.2610630
0.8688365 0.8096103
-0.5085286 0.5307427
-0.9757739 -0.9451142
-0.3951685 0.3083933
0.8595390 -0.9728839
-0.4431382 0.4059986
-0.9687378 -0.8591063
-0.0867175 0.7648704
-0.3726483 -0.4339490
0.8852275 0.6639270
0.9950654 -0.2451663
0.7819328 0.4122667
-0.4116600 -0.7828839
-0.5095726 0.2161900
-0.2609167 -0.3074819
0.9078911 0.0795964
-0.3029498 -0.1103052
0.9799717 0.0566786
0.6683815 -0.6318566
-0.1964805 -0.2851973
-0.6277138 -0.5078195
-0.6306611 0.8017092
-0.6683456 -0.5027639
-0.4642855 0.6860353
-0.6572041 -0.3992696
-0.9691052 0.1196904
-0.4050114 0.7826176
-0.9553151 0.3905754
-0.1536235 -0.3080694
-0.2499792 0.0472236
-0.9706831 -0.6535828
-0.9503466 0.0155440
-0.2466707 0.5974844
0.8006814 -0.7098714
-0.8298816 -0.2651123
-0.8354235 -0.6104000
0.5099109 -0.5517442
0.6852272 -0.9152725
0.9646222 -0.3193404
0.7368815 0.3821250
-0.1107370 0.9771425
0.3685345 0.2688970
0.2622367 0.0676224
0.6685126 -0.8253109
-0.7862191 -0.9261920
-0.9065288 -0.2294667
-0.2013985 -0.4457150
0.7985599 -0.8525132
0.5730467 0.6663884
-0.1127335 -0.5766626
-0.9797412 0.3070430
-0.0489055 0.0072725
0.2745578 0.1465346
-0.5846810 0.5656196
-0.5542027 -0.9168685
-0.7566873 0.4280148
-0.7883337 -0.2836380
0.1987974 -0.2493782
0.4346518 -0.8047310
-0.1014818 -0.1800601
-0.0243267 -0.7286380
0.1056382 -0.5388074
0.6597928 -0.1804763
0.6957198 -0.2333979
-0.8485071 0.9841332
0.4336992 0.3715985
-0.4892487 -0.6286767
-0.0475109 -0.3825832
0.2850342 -0.3965756
-0.0605400 -0.1348351
0.1185985 0.2184148
0.2422078 -0.2364847
-0.7902026 -0.9727388
-0.7312871 0.3325427
-0.2143665 0.2858226
0.1513983 0.2731063
-0.8079746 -0.8117308
-0.0165142 0.7540251
-0.2326025 0.1443418
0.2104840 0.3468639
-0.8411475 -0.8632666
-0.6490035 0.6463812
0.6859396 -0.2862795
-0.2027859 0.5739911
-0.0157277 -0.1441393
-0.5539811 -0.7122389
0.7486232 -0.0163539
-0.9902394 -0.7928753
0.6022835 -0.5917962
0.5120848 -0.2629223
0.2992370 -0.4088310
0.0017305 0.0273001
0.7042780 -0.0018371
-0.8566824 -0.8169247
0.1518359 -0.7078939
0.2450726 -0.5960540
-0.0941747 -0.4425512
0.5899102 -0.5786418
0.0074163 0.4086249
0.1141317 -0.2500627
-0.4469823 0.6333001
-0.8446557 0.4867822
-0.8272664 0.2649165
0.1346335 -0.4081648
-0.8249159 -0.4960185
-0.8106833 -0.5799032
0.8031093 0.5362807
-0.0009562 0.8154951
0.3176134 -0.7832661
-0.0715908 -0.3761095
0.2194571 -0.9405546
0.7020584 0.7171528
0.5071796 0.9311908
0.8516815 0.6548296
0.5037450 -0.7501791
-0.9796579 0.8234785
0.4444876 0.7406430
-0.2065866 0.2307623
0.5779468 -0.4743941
-0.5269483 -0.2835520
-0.2440953 0.0676868
-0.6896728 -0.4667441
-0.1354943 0.6948965
-0.1133558 0.6933438
0.2076542 -0.1013919
-0.8111608 -0.9890053
0.9010016 -0.9398880
-0.7910289 0.7710597
0.6467989 0.5275635
-0.3404876 -0.3163387
0.6167541 0.4509509
-0.6854024 0.5948671
-0.4691333 -0.5440847
0.7570013 -0.0914946
0.5024243 -0.2151663
0.1986345 0.1977396
0.3107501 0.2752723
0.5862411 -0.0186563
0.2276339 -0.9068960
-0.2841906 -0.8858635
0.3970263 0.5897765
0.4921702 0.0371402
-0.5768175 0.4172546
-0.4922634 -0.1821898
0.8216213 -0.3866333
-0.4072127 -0.2099578
-0.6990456 0.0878421
-0.9153879 0.1059817
-0.0753200 -0.8917285
-0.8401533 0.3299290
0.9437511 0.0567094
0.6537564 -0.7771789
0.0183382 0.3173211
-0.2586196 -0.0151484
-0.3320863 -0.6823369
0.4133255 0.2549637
0.7558246 0.4352650
-0.1592567 0.2000074
-0.8675810 0.1016304
0.0988897 -0.2657546
-0.0413964 -0.6584004
-0.7029034 -0.7476664
0.4491365 -0.8343077
-0.5002342 0.4826775
-0.4371835 -0.5447492
0.5967001 0.8188559
0.8298969 -0.8253966
-0.8041910 0.9554323
0.4236215 0.9307831
-0.2035816 0.0940829
-0.3961783 0.9482712
-0.1486977 -0.5499921
-0.4118370 0.8404386
0.5473176 -0.1809040
0.7729470 -0.9118603
0.7394960 0.5521731
0.9538912 -0.9813754
0.4739744 0.7152531
-0.1645099 0.6729598
0.7011277 -0.7767036
-0.0909673 -0.3327816
-0.5276552 0.9893272
0.0801647 -0.6455483
0.4313180 0.5274395
-0.6024266 -0.6877350
-0.6660368 0.7961633
0.6791650 0.8449062
-0.3431543 -0.4796029
0.0292695 -0.2740061
0.4496940 0.7209564
0.1859631 -0.5759797
-0.6076037 0.3100922
0.6360883 0.9054617
0.2401921 -0.3394837
0.5323135 -0.0370915
0.8326802 -0.8825336
-0.6013260 0.0942555
0.5755889 -0.4931234
0.8748256 0.4949846
0.7123436 -0.3779065
0.1890389 0.2168245
0.1162627 -0.4298418
-0.6789080 0.9189497
-0.8938799 0.9117253
0.9785664 0.0760546
0.9401738 0.8307336
-0.6812818 0.7334299
0.5784176 -0.8718895
-0.5759356 -0.0658002
-0.9466869 0.9998786
0.6796457 0.0499712
0.6272370 -0.5905822
-0.8687564 0.7171136
-0.5843628 -0.8099045
-0.8818968 -0.5591187
0.5743220 -0.2949257
0.7658792 -0.6634906
0.4624383 -0.6844851
-0.0955310 -0.2056224
-0.0503137 -0.2841734
0.5047431 -0.3010420
0.0370783 -0.9037445
-0.6828495 0.2314499
0.0756678 -0.0947077
-0.3646865 -0.3040580
-0.0310766 0.4339253
-0.4247305 0.6265616
-0.1074654 -0.5468622
0.5491407 -0.2512556
0.9477589 0.4809642
-0.6428186 0.5428564
0.7742617 0.4554465
-0.8058839 0.7521550
0.4812355 -0.7805692
-0.5801366 -0.2445143
-0.9315203 0.4061397
0.1151583 -0.3547974
-0.2462150 -0.5073943
0.1534031 0.2786884
-0.0522250 -0.4346372
-0.3957214 0.9224699
0.2165879 -0.4014121
-0.9322875 -0.6548789
-0.2436320 -0.4745995
-0.3121890 0.6382962
-0.7580218 0.6467518
-0.2722401 -0.0214212
0.8788982 -0.0580898
-0.0047906 -0.8445814
-0.4296370 -0.8064054
0.6480537 0.0078106
0.7927138 -0.8587481
-0.6131151 -0.1641145
0.1746923 -0.8536166
0.3528799 0.2599899
-0.8086455 -0.7573026
0.8403357 -0.1201023
0.3913301 0.3118270
0.7561647 0.1396286
-0.3630408 0.4985295
-0.2582391 -0.5525149
0.5875521 -0.4771100
-0.1087720 0.3387306
-0.4900098 0.5617763
-0.9920771 0.6036330
0.3704358 -0.2480182
0.5780006 -0.8918973
0.1640409 0.9551843
-0.4980951 -0.3148688
-0.9320491 0.7756685
-0.0113119 0.1989230
-0.8009280 -0.3854088
0.7893719 0.2989166
0.0130202 -0.1355933
-0.9674820 0.9951231
-0.5681761 -0.2095516
0.4147632 0.6577273
-0.7283640 -0.8401225
0.7615887 -0.2140863
-0.1550528 0.7318359
-0.4527273 -0.3207423
-0.6407477 0.7912099
-0.7842836 -0.2339583
-0.8706710 0.7377655
0.6671746 0.4303745
0.7845488 0.7678695
-0.7183204 -0.3664801
-0.3709384 -0.6362331
0.1732664 -0.9742014
-0.2079047 -0.2394149
-0.9475295 -0.5135071
0.7724746 -0.9065662
0.7545207 -0.3265652
-0.9869715 0.7779058
-0.6172025 0.1049205
-0.2906183 -0.8087604
-0.6889923 -0.2107879
-0.6184684 -0.2776111
0.0148492 0.8235561
0.1144405 -0.7429214
-0.6969853 -0.8723449
0.9708929 -0.4004460
0.0373872 0.3982328
-0.1444230 0.7625658
-0.0563831 0.2527025
0.8665493 -0.6085142
-0.8474983 -0.6753054
-0.7280538 0.9083314
0.1760420 -0.2655883
-0.4995947 -0.6670784
0.2276596 0.4468316
0.2045829 0.0298650
0.0997203 -0.6250610
0.2227378 0.6380011
-0.5647114 -0.2445513
-0.7172798 0.8921476
0.0254214 -0.9443045
0.0691073 -0.8282218
-0.8640217 -0.0330749
