0.2218301 -0.1231853
0.0292271 -0.3105573
0.7841403 -0.9222534
0.4444239 -0.4429393
0.2600847 0.9431529
0.0821205 -0.9906318
-0.7129328 0.2581745
-0.3037295 0.1517684
0.4014839 0.6673242
0.0660839 -0.3311137
-0.6525632 0.3000301
0.4676197 0.7137337
0.4980200 0.2773159
-0.8283242 -0.2577009
-0.4937771 0.6214402
0.6088901 -0.4754889
-0.2425684 -0.3248282
-0.2093113 -0.4998058
0.6541740 0.3962729
0.6623713 0.3092517
0.2245627 -0.2946818
0.7409336 0.3800994
0.8133634 0.0923927
0.3372764 -0.8596188
-0.0758067 0.3993108
0.3250125 -0.0369143
0.6688704 -0.6259555
0.4106258 -0.4395767
0.3093682 -0.4634627
-0.4944096 0.8810003
0.1295653 0.3003421
-0.3120589 -0.0048926
0.9231728 0.9422163
0.8015377 -0.4229409
-0.0533533 -0.0638253
0.6932422 -0.1666262
-0.9887062 0.3885844
-0.7764274 0.9688984
0.3270910 -0.5892917
0.4793924 0.7031088
-0.0161646 -0.4377374
-0.5780938 0.1956300
0.4265672 -0.9994078
0.3543374 -0.9831538
-0.1680241 0.0025987
0.8760302 -0.0898192
-0.1295393 -0.0642490
-0.3062950 -0.2307801
0.2173086 0.7123021
0.1965078 -0.0662194
-0.7640700 -0.0268857
-0.0094282 -0.5399228
-0.3455002 0.6829987
0.4475853 -0.9824310
0.1655677 0.0101893
0.6834408 0.3243210
-0.3610271 0.6977747
0.9325533 0.9666155
0.4825956 -0.6069775
0.5986421 0.9945643
-0.2886864 0.1278915
0.3757330 -0.5188544
-0.9519174 -0.5177072
0.4685873 0.6684689
0.8789947 0.4126170
-0.0043512 0.9647195
0.9749998 -0.2396869
0.0504246 -0.2041072
0.0361268 -0.6876576
-0.1118315 -0.2688284
-0.9670433 0.5719953
0.4933470 -0.9710583
-0.4137723 0.3225808
0.6281327 -0.8148687
-0.7604109 0.1352469
-0.2995609 -0.9320706
-0.8519778 -0.9024717
-0.8192482 -0.6676438
-0.1662328 -0.6138905
-0.8779395 0.9592471
0.4192736 -0.1030118
-0.8394031 0.0774846
-0.4672404 0.7745643
0.0648351 -0.9864415
-0.4542912 0.6178731
-0.4311592 -0.8823934
-0.6454577 -0.5033092
-0.0188339 0.6542381
-0.0563149 -0.9745566
-0.7340849 -0.6965583
0.4961876 0.6864223
0.0087065 -0.5542575
-0.8628146 0.1706781
-0.6752522 0.8835381
-0.0379733 0.0394640
0.3253917 0.4949493
0.3443280 -0.1944019
-0.9112422 -0.4296357
0.3153535 -0.0841074
0.3457914 -0.0040758
0.0447815 0.2835266
-0.0477107 0.0261632
0.4148277 0.1886215
-0.7388464 -0.7101373
-0.7483421 -0.4944810
-0.7660973 0.0706962
-0.9982030 0.3089741
0.7313500 0.7421807
0.9694696 -0.3491868
0.8487137 0.4398242
-0.4349081 0.4287465
0.5940432 -0.3243071
0.1273183 0.9800914
-0.0443636 0.4406625
0.0317579 0.0082055
0.6023543 0.8643432
0.7501128 -0.7344268
-0.3760170 0.7003574
0.4165490 0.4258301
0.6726919 -0.4064384
0.4421926 0.9838742
0.8148254 -0.9123088
0.3713623 0.9153175
-0.1741690 -0.3078665
-0.0988693 0.3348665
-0.1311915 0.4941343
-0.5090382 -0.4764142
-0.3076577 0.4175162
0.5179562 -0.2439295
-0.8271908 -0.0573151
0.1094271 0.8939058
-0.3963329 -0.6432428
-0.5125946 -0.9637785
-0.8074765 -0.8283923
-0.8207984 -0.1514709
-0.2566729 0.8707549
-0.0742406 -0.7374010
0.4137836 -0.3239981
-0.0299972 -0.6076086
0.8976401 -0.2737844
0.6548745 -0.8889185
-0.8410382 0.2599127
-0.6062476 -0.5718882
0.9470299 -0.7508158
0.5237867 0.7992395
-0.6514981 -0.4684139
-0.5055712 0.0893549
0.6797261 0.2017662
0.7079017 -0.9387822
0.3960082 0.4462174
0.3173459 0.8107449
-0.8808012 0.0657249
0.8526588 -0.8408301
-0.1303340 -0.9611646
-0.9952814 0.9717277
-0.0350275 0.7632385
-0.6728406 0.8953328
0.3608911 0.0616204
0.4994766 0.8040564
0.2706028 -0.8736323
-0.8485075 -0.1926855
0.5466614 -0.8837730
0.2393819 0.2454982
-0.6486305 -0.2045902
-0.7941927 -0.8833644
0.3547413 0.9846815
-0.0797996 -0.7669854
-0.5461540 -0.2480542
-0.3058726 -0.9224644
0.3753038 -0.8831664
-0.2960128 -0.5718868
-0.0181599 0.6663423
0.0323200 0.8379791
0.6128954 -0.4105539
0.5716541 0.4618498
-0.5693495 -0.8357336
-0.1723446 -0.2175276
-0.9594118 -0.4233643
-0.1743304 -0.6524297
-0.8615267 0.7330293
-0.7475029 0.3829087
-0.6140336 -0.0024479
-0.6442689 -0.4900511
-0.3714712 0.7460716
-0.0325588 0.1494047
0.6603538 -0.9269073
-0.3763752 -0.8819906
0.9519683 0.2819105
0.6765058 -0.6100159
0.0855243 0.5740038
0.9643565 0.3864586
0.4970160 -0.5100322
0.0772339 0.6039343
0.9395533 -0.2010397
-0.8256818 0.3866592
0.4806946 0.7338730
0.7228086 0.0867927
-0.2407916 0.4456655
-0.4870884 0.0821486
-0.7410822 0.7149176
0.6218676 0.9595551
0.1487467 0.0218289
-0.6208017 0.8650394
-0.7022808 -0.4199086
0.8082298 0.3369907
0.2780146 0.9586535
-0.2441256 -0.8705155
-0.6894914 -0.8324785
0.3697545 -0.5228410
0.1988144 0.3634235
0.1041977 -0.8223016
-0.8461140 -0.2784033
-0.9294255 0.7405589
-0.7423365 -0.0843552
0.2331714 0.8130888
-0.9880720 -0.4235464
-0.4567646 0.4171348
0.9633043 -0.7047453
0.1730330 0.5814062
0.1828261 0.7019711
-0.7489784 0.9533414
-0.3379359 0.6496122
0.6907707 0.7305524
-0.1286302 -0.7068049
-0.4742540 -0.1771665
0.6086360 -0.2283224
-0.3671096 -0.9632090
0.5399255 0.8985220
-0.7001207 0.7672087
-0.3506510 -0.2841725
-0.1539270 -0.0250028
-0.2282127 -0.4818126
-0.5944682 -0.9010345
0.5300751 0.5934634
0.8070543 0.4662624
-0.2912268 0.0508758
0.0962966 0.8915046
-0.5530933 -0.5464650
-0.7856927 -0.3088116
0.8478145 -0.2654333
-0.3058287 0.4623947
0.7888868 0.0431210
0.2440379 -0.5173156
-0.5954054 -0.3492279
-0.7712829 -0.0611774
0.8410874 -0.0547492
-0.0666602 -0.9843203
-0.3717723 -0.0835570
-0.4097044 -0.7698758
-0.5011080 0.0727060
0.0259472 0.8008670
-0.0789401 0.8403848
0.8955140 -0.7624925
0.7463064 -0.4977046
-0.2665866 -0.7840960
0.8119331 -0.6859540
0.6493434 -0.2078873
0.2434837 -0.4653265
-0.4763491 0.5574883
0.5290308 0.1776724
-0.1272019 0.0567109
0.6341635 -0.1975445
-0.2402384 -0.4619625
-0.6422291 0.0238009
0.9118230 -0.7705360
-0.9481469 -0.2974972
-0.2099590 -0.9673475
0.0167579 -0.8049275
0.2035628 -0.6053615
-0.2464421 0.9290397
-0.6384130 -0.2119110
0.3745441 0.2473179
0.0995962 -0.7934222
-0.9092087 -0.1126475
-0.0247942 -0.0832152
-0.8461256 -0.1787749
0.7014791 -0.3862321
-0.2582395 0.6544689
-0.4529850 0.5633105
0.8844379 -0.5501399
-0.8984713 0.3322765
-0.5692668 0.0812999
0.9111950 0.0017172
0.6596507 0.1307825
0.4832618 -0.6131010
0.6967349 -0.6295675
-0.2584621 -0.2693724
0.4692045 0.5583759
0.9819984 -0.8067092
-0.4484159 0.7788641
-0.3847778 0.3004806
-0.2671376 -0.8713569
-0.3461181 -0.3780053
0.3515191 0.9480871
-0.6014504 -0.9929677
-0.9784963 0.4377620
-0.8186360 -0.8367008
-0.5827309 -0.5567352
0.4738422 0.2866265
0.3645245 -0.6679197
-0.6711947 0.4093225
0.3060347 0.1575482
-0.2059100 -0.8041137
-0.4871907 0.8804262
0.3979052 0.0684189
0.0773403 0.5211543
-0.1863392 -0.9887330
0.4126397 -0.5652441
0.0615126 -0.5379050
-0.6621797 -0.8658209
0.8859411 0.2302046
-0.3793052 0.5952323
-0.7128781 0.5209931
0.7453543 0.1531364
-0.1710614 0.4048480
0.0709507 0.1136777
0.4816091 0.0113965
0.3004502 -0.3413312
0.7148127 -0.3508602
-0.0529673 0.0686334
-0.7917304 -0.3655936
-0.8325177 -0.9992043
0.6638533 0.5831092
-0.8352454 -0.2966026
-0.3753959 -0.3285031
-0.2017990 0.6755230
0.4265800 0.4736465
-0.1434925 -0.6877480
-0.7000902 -0.6777330
0.3884830 -0.3160922
0.7576134 0.1875592
0.7190900 0.2924802
0.8588834 -0.3077764
-0.5668170 -0.8233722
0.4808083 0.7392277
-0.7106702 0.8306748
0.9539493 -0.0070842
-0.8167379 0.4411979
0.2081175 0.1054327
0.3868744 -0.7880842
0.5466982 -0.4041626
0.2169866 -0.4057429
-0.8753129 -0.2889384
-0.5049043 -0.1779583
-0.1012089 -0.5526238
0.1647441 0.2968665
-0.8601275 -0.0677820
0.0183791 0.2705780
0.5101082 -0.1110141
0.1136148 -0.2987194
-0.6263134 -0.5625366
-0.1548647 0.7775747
0.3339816 -0.9272216
0.9303128 -0.2091175
-0.7473406 -0.2020879
-0.3172448 -0.3934529
-0.8872435 -0.9474438
-0.0543806 0.5197642
-0.3319188 0.3845099
-0.6783804 -0.5337033
-0.9584989 0.7138414
0.3713905 -0.4167495
0.9716806 -0.7641705
-0.0324636 0.0909742
-0.3911098 0.6422794
0.2117957 0.2871217
0.7328093 0.5397673
0.2875984 0.5834853
-0.8497205 0.4886657
-0.9235555 -0.9190242
-0.9945582 0.8382928
-0.9734020 0.8801680
0.0715699 -0.6070804
0.5032790 -0.4889306
-0.0812735 0.0696471
0.0429051 0.2511780
-0.6534797 0.6962066
0.6435103 -0.1112188
-0.9030004 0.4712808
0.1073328 0.2726369
0.2114101 0.4204372
0.8839145 0.1174529
0.9499125 -0.5568502
-0.1429540 0.6744210
-0.2152086 -0.9232533
0.0996478 0.2883296
0.3286190 -0.1418087
-0.6996263 -0.9075141
-0.8863815 -0.7100741
-0.6415233 -0.5138855
-0.4607011 -0.2167310
0.8342994 -0.5474196
-0.3568622 0.2190052
-0.7988576 0.2533370
0.6858588 0.0748402
0.3953734 -0.1200170
-0.7612565 -0.3407996
-0.8111734 0.2625881
-0.5093078 0.3939584
-0.3126508 0.6497793
0.4709512 0.1653700
-0.8830200 -0.9186042
-0.5286416 -0.3643395
0.7621783 -0.5412265
0.9028813 -0.2561430
0.1455200 -0.7303458
-0.7816304 0.2984239
0.4494225 0.4866372
-0.5132817 0.7302479
0.0455165 0.9140675
0.1017596 -0.7927881
-0.4333959 0.9344596
0.1880823 0.3484885
-0.0194071 0.5339705
-0.7135657 0.8758311
0.8361848 -0.5467606
-0.9624043 0.7341835
0.1393572 0.4920770
0.7854229 0.1765659
-0.9267516 -0.8346409
0.4314232 -0.9318725
0.2327850 0.1570599
0.4853149 0.4636509
-0.9596226 -0.6987443
-0.9942215 0.0585884
-0.6316286 -0.1563001
0.3220171 -0.1549886
0.4073358 -0.8635326
0.1709535 -0.6998529
0.2247007 -0.5218967
0.4307870 0.3085584
0.4761286 0.9553703
-0.5002217 0.4672753
0.1775347 -0.0305116
-0.7049813 0.8998653
0.2278174 -0.8650421
-0.9887918 -0.1465319
0.1371358 -0.0763045
-0.5280925 0.9969016
-0.5596483 -0.0131889
-0.2360922 -0.6363069
-0.4742674 0.5072456
0.3423406 0.9069198
0.0581661 0.4347227
0.6304579 -0.2753231
0.2865646 0.6727733
-0.1454959 -0.4475000
-0.9241179 0.7853992
-0.9226958 0.2471555
0.4998726 -0.7441957
-0.4407811 0.2154839
0.1347755 -0.1934575
-0.6680509 -0.2591384
0.4249955 -0.1043678
0.0462449 -0.4413721
-0.3059988 -0.0569336
-0.2332135 0.3024144
0.4529194 0.1705599
0.9854358 0.7395723
0.1421332 0.4220663
-0.8026412 0.0672588
-0.5861550 0.0439387
0.4486059 0.1816288
-0.6257727 0.8795381
0.4545146 -0.0808506
-0.4124348 0.4949299
-0.0678182 -0.8610434
-0.2429189 -0.8739718
-0.2564958 0.1215306
-0.5107109 -0.7902866
0.0410546 0.4614838
0.3031034 -0.4638615
0.3269973 -0.0457407
-0.1431680 0.5108418
0.7401624 -0.0954821
0.2175492 -0.9893718
-0.3566638 -0.5840089
0.0079736 -0.7259333
-0.2344113 0.0947478
0.8379927 -0.4426862
-0.0764918 -0.2261944
-0.9985350 -0.1915032
-0.1624845 0.7065476
-0.6799291 0.6831782
0.2563031 -0.3320064
0.1351968 -0.8944645
0.3676299 0.9766714
0.6040786 -0.8495750
-0.3221867 0.9777258
0.3751177 0.3490695
-0.9454612 -0.7653977
-0.2934295 0.1752074
0.2675017 0.9545082
-0.2217086 0.3602095
-0.9484551 0.8697719
-0.1327412 -0.7133084
-0.3200522 0.3159891
0.9844428 0.5622274
-0.2923520 -0.8056740
0.6974501 -0.7234043
