-0.1236598 0.5891883
-0.6918319 0.6382208
0.4123657 0.7829720
-0.7921787 0.8899189
0.8661802 0.4826115
-0.8344133 -0.8512693
-0.4448061 0.8887974
-0.1887090 0.0569365
-0.7325397 0.1033534
-0.5031178 0.1881769
0.0572233 0.5234089
0.5655987 -0.3438362
-0.8400633 -0.4091983
0.5366500 -0.5340685
-0.1400277 0.3334764
0.9647147 0.4016630
0.0014127 -0.0833179
0.6881578 -0.7923370
-0.5152234 0.3042545
0.1457433 -0.2361419
-0.6822376 -0.1941889
-0.7254304 -0.7583175
0.4427881 0.6610582
-0.8957354 -0.4668448
0.6201822 -0.7743570
0.3866445 -0.4911429
0.6837957 -0.2250440
-0.8391256 0.0516872
0.8914673 -0.1522910
0.4347985 -0.2032655
0.8372661 -0.7989703
0.8657031 0.5284342
-0.4897684 0.7668876
-0.2295226 -0.9327129
0.6255185 -0.4657413
0.2468021 -0.8580989
-0.3473870 -0.3393374
0.7578854 0.4395340
0.9877696 0.5934114
-0.8716943 -0.6580322
-0.1724933 0.7413679
0.3575783 0.8736319
-0.1479332 0.9876199
-0.5532059 0.4105956
0.0644766 -0.5781745
0.9101216 0.5879222
-0.2640175 0.0890229
-0.7218957 0.9524111
0.4107656 -0.3514337
0.2765549 -0.1735475
-0.2965094 -0.6361385
0.1845480 -0.1092575
0.6981636 -0.7938710
-0.6619226 0.5668893
-0.4308590 -0.6052899
0.0672954 -0.1761734
0.7248430 0.1015312
-0.1042193 -0.7653355
0.2236839 -0.6779786
-0.1206359 0.5724321
-0.0387289 -0.2840570
0.8262626 0.0838791
0.0560742 -0.6994288
-0.2092077 -0.5113301
0.3561777 -0.5928529
0.7193965 0.7421086
-0.0457124 -0.2751819
0.4191279 0.3905537
-0.5649224 0.4196303
0.1347631 0.2602056
0.7029457 0.1677919
0.0909428 0.5133822
-0.7120687 0.6217484
-0.9532276 -0.6883115
0.1203141 0.6883719
0.1632222 0.5561458
-0.7594182 0.2056038
0.6939955 0.6662827
0.8976898 0.6773215
0.6760162 0.3730853
-0.3188722 0.7589646
0.0161666 -0.5612489
0.5124017 0.5909870
0.4834229 -0.5035487
-0.1644456 -0.6728689
0.1103891 0.5382673
0.3657490 0.0051510
-0.4967619 0.4320366
-0.3131976 -0.1988075
-0.8189291 -0.6154377
-0.4161710 -0.8117252
-0.4597083 0.2605036
-0.2093904 -0.4611515
0.7914371 0.5593728
0.8069161 0.4524045
-0.6836630 0.8733530
-0.9492981 0.9133221
-0.3509746 -0.8072807
-0.7380271 -0.0127299
0.1762135 0.5017421
-0.1013711 -0.3048579
-0.8343529 -0.8326001
-0.5359809 0.6320355
0.7339257 -0.2326335
0.0907075 -0.5868499
-0.8655284 0.8557811
-0.1732783 0.7711705
-0.4506193 -0.3425417
-0.7660694 -0.3141155
0.9216499 -0.9206280
-0.3660587 0.4108362
0.3627671 0.6149010
0.4530152 -0.9477998
0.5371506 -0.6745194
0.4769566 0.7175216
0.4347908 0.1706463
0.0233669 -0.3111365
-0.5200190 0.2627719
-0.6754554 -0.3099990
-0.8536298 -0.0904388
-0.6866889 -0.2299875
-0.9691534 -0.1264000
-0.0952597 0.8536484
0.7880430 0.6134283
0.9712722 0.2317891
-0.7095899 0.5884067
0.7482019 -0.2271394
0.8123039 0.9135034
0.5117609 -0.0871053
-0.3125360 -0.1895228
-0.1756532 0.6884870
-0.5981008 0.7678315
-0.1396211 0.1210008
-0.3666472 0.7106370
-0.6244420 -0.2023526
0.4411353 0.1005073
-0.8543101 -0.0478983
-0.9726455 -0.4753179
0.3742216 -0.1282761
-0.4781054 -0.7442852
-0.2903186 -0.2888761
0.5930624 0.0422214
0.4521072 0.9149490
0.5426478 0.2410921
-0.3383521 -0.4581525
-0.2981978 -0.0042190
-0.4060645 0.8136201
0.4721001 0.9655951
-0.5886510 -0.1528507
-0.7462188 -0.2269905
0.6506493 -0.4524745
0.6832049 0.1713745
-0.5386608 -0.4212808
0.7089337 0.3645014
0.8722969 -0.3839842
0.4618067 -0.8313954
-0.6810563 -0.6475108
0.4695260 0.7364972
0.4659593 0.3861879
0.3180452 -0.9795625
0.5424014 -0.8976286
-0.1874696 0.5400268
0.9400195 0.1125857
0.5104167 0.3912894
-0.5682423 0.1736347
0.8442294 -0.5033354
0.3595744 0.8765555
-0.2877376 -0.3845515
0.2131518 0.2377141
-0.1843407 -0.9425809
0.1686505 0.5306126
-0.0080817 0.6884894
-0.3981596 -0.5746044
0.7259954 -0.1188251
-0.1025852 -0.3694859
-0.8941554 0.1566198
-0.2571280 -0.0662145
-0.5395017 0.6342472
-0.1491803 -0.6019023
-0.8204379 -0.0520266
0.1527985 -0.7476256
-0.5196066 0.0785844
-0.2197104 -0.5359899
-0.5135678 0.6452490
0.2579995 -0.9678318
0.8547987 0.6278560
-0.2281096 0.0822242
-0.3993583 -0.1783134
-0.3691008 -0.8334391
0.2305034 0.1481535
-0.1809379 0.0695608
0.4350285 -0.7016536
0.2046175 0.7946282
0.0804792 -0.9884914
0.3776584 -0.5508306
0.5590516 -0.3513130
0.2094219 0.8129944
0.0211869 0.0765055
0.3726086 -0.4835860
-0.1727535 0.4407932
0.3251445 -0.5154342
0.1277736 -0.9270505
0.5229453 -0.8201599
-0.3386418 -0.0895746
-0.5003225 -0.8942786
0.6107730 -0.1874720
0.1233381 0.9267090
0.2124312 0.8881515
-0.1388352 -0.7610332
0.2165146 0.0889652
-0.9888942 -0.4960777
-0.3007130 -0.4414544
-0.3300209 0.1855547
0.9455460 0.6859022
-0.3648845 0.6954502
-0.4798531 0.5306243
-0.5871358 -0.4118768
0.1471214 -0.9467975
-0.7900485 0.5307368
0.8060992 0.8606086
-0.4346665 -0.3242723
0.6491941 0.2596544
0.2586222 -0.0764748
0.2647366 -0.4550002
0.3830091 -0.3847242
-0.1893181 -0.0512987
0.9720336 0.5686513
0.0452540 0.9062200
0.7319236 -0.0378539
-0.5882090 0.9154430
-0.6050190 0.9207042
-0.3637117 -0.5690814
0.2598930 0.6794487
-0.0466575 0.4989566
0.7524588 0.7293545
-0.4041837 -0.1425847
-0.1100846 -0.6709540
-0.3009201 -0.9457404
-0.2623509 0.6085735
-0.2145707 0.1715776
-0.6798054 -0.6363195
-0.4964894 -0.2671305
0.2764623 0.2549943
0.9719814 -0.1260017
-0.6584068 -0.5480206
-0.8126211 -0.7681773
-0.3243712 -0.5181162
0.4149410 -0.7489916
-0.6873674 -0.9268848
-0.3638620 0.7931961
0.1112934 -0.2426263
0.5779312 -0.7249880
0.5485365 0.3966328
-0.8393487 0.2061965
-0.1812214 0.6701303
-0.0124490 0.1665741
0.9200811 -0.1240219
-0.5614928 0.7777636
-0.8888341 0.9772328
-0.8648248 -0.8580240
-0.3160285 0.5205650
-0.0214240 -0.0887546
0.8327326 0.1963558
0.7728985 -0.6279176
-0.4962728 -0.0608433
0.7126599 -0.4457629
0.4914587 0.0751135
0.3393003 -0.4643647
0.2515690 0.4850957
0.8761747 0.3283747
0.1750876 -0.9740259
0.7670641 -0.7352211
0.0141507 0.7711052
-0.6105622 -0.4922535
0.5784115 -0.4356209
0.4613392 -0.4640966
0.5717536 -0.1185868
0.9446444 -0.8806432
-0.2105287 0.0767619
0.4740322 -0.4061153
0.0913415 0.1137774
-0.9698814 0.1844917
0.1475822 0.4640389
-0.6927761 0.3766478
0.1106050 0.6166321
0.7327638 -0.3681630
0.5982009 0.7348759
0.4166221 0.2910811
-0.1808245 -0.4303818
-0.2048204 0.6671165
-0.7410097 0.5507822
0.7915139 0.0459065
0.3173467 0.0312142
0.9148412 -0.4205687
0.1692860 -0.2551310
-0.7178741 -0.3837038
-0.5461955 -0.9757253
0.3067950 0.7283397
0.1479486 0.1903674
0.1110736 0.6008414
0.0021202 -0.1350630
0.2995955 -0.9463457
-0.8743068 0.5088752
0.1859495 0.0369765
-0.8379244 0.5093953
0.1189508 0.6967102
0.6625321 0.0695945
-0.4805242 -0.2802771
0.3137684 0.2873217
0.5479014 0.3760062
0.7632814 -0.0958525
0.4324492 -0.1373763
0.1985706 0.4145449
0.4632627 -0.2031960
0.0509631 -0.9263383
-0.1362982 0.6353807
-0.0583919 -0.6615599
-0.3047287 -0.8058893
0.4794429 0.1750881
0.4370868 -0.4384719
0.0484776 0.5773628
-0.8414588 0.5216998
-0.3096410 -0.8269838
0.4532157 0.4124569
-0.5778253 -0.7645563
-0.1556904 -0.2850979
0.4117001 0.9348324
-0.6068658 -0.9733899
-0.2657129 0.0554554
0.7904758 0.6563601
0.7496049 -0.0804876
0.5496214 0.0958427
-0.7240068 0.6342858
0.6696014 -0.9245415
-0.1297432 -0.6376478
0.3024633 -0.4662055
0.9795997 0.4759709
-0.8349366 0.1901036
0.8534021 0.4470133
-0.4267288 0.8109719
-0.4380538 -0.2607317
-0.4145468 0.0712206
0.3517971 0.8720092
-0.2739202 0.4824100
0.1246388 -0.7078195
-0.0287326 -0.7541750
-0.6394756 -0.3246102
0.6249589 0.6898030
-0.9499765 -0.0031393
0.0448690 -0.4785717
0.8079361 0.3569875
-0.3338613 0.7989229
-0.2178795 -0.5273235
-0.6188368 0.2750447
0.5342703 0.6576325
0.8569974 0.4025408
0.3893266 -0.9232432
0.0885724 -0.7845399
0.4636997 0.9270515
-0.0991450 0.1262365
-0.7556514 -0.4774026
-0.7111344 -0.8732690
-0.4788042 -0.4241512
-0.9437267 0.5966204
-0.3476999 -0.9194860
0.8876193 -0.6006099
-0.9915290 0.9001102
0.0806101 0.4601125
0.3888130 0.2398626
-0.1695427 -0.8364574
-0.5929039 -0.1881095
-0.5876849 -0.8999469
0.4794758 -0.8245925
0.9327865 0.4155049
0.7494757 0.8369114
0.7191307 0.9058724
-0.7875346 0.6671076
-0.2092075 -0.2411424
-0.2640015 -0.0417274
0.5082216 0.1959977
0.4873669 -0.8431265
-0.7091941 -0.8255741
-0.0049624 -0.9899665
-0.7995322 0.8128043
0.4387795 -0.8818901
-0.7348475 0.1524652
0.0603831 0.8636608
0.3695562 0.7847503
-0.0216795 -0.2567003
0.2278959 -0.9140872
-0.9780146 -0.0241697
0.1411100 0.3482321
-0.8158720 0.0811965
-0.1938974 0.7226361
0.9307636 -0.2030838
-0.9201001 0.7817597
0.6958060 -0.4079409
-0.9293525 -0.9394281
0.3178400 -0.3992223
0.6017841 -0.3119150
0.1432154 0.3989675
0.1203605 0.4820698
0.8054347 -0.8417366
0.3538209 0.5358465
0.2971394 0.7039772
-0.7885110 0.9225425
0.6830674 0.9317821
-0.1455524 -0.2597931
0.8604826 -0.1385510
-0.1698210 0.2051159
0.0265470 0.9280092
-0.3179686 -0.5359767
-0.8098503 0.5097915
0.1274878 0.4660665
-0.6448001 -0.6367082
-0.6378821 -0.8293782
-0.0106453 0.5099157
-0.4489413 -0.3900489
0.4812991 0.6329203
0.4204547 0.7241750
0.7791727 0.8406898
-0.7784553 -0.7101114
-0.1737574 0.6811573
0.2766306 0.7370194
0.1532106 0.8925071
-0.4449800 0.8297023
0.5206880 -0.5225598
0.8765404 -0.2744607
0.6666005 -0.7628245
0.8848148 -0.4471823
-0.5219678 0.3009044
0.6736333 0.7604774
-0.9362768 0.8731085
0.4669358 0.8763329
0.8455661 0.3721570
0.4490482 0.5203772
-0.1021516 -0.8877097
0.8505129 0.6556463
-0.5995535 -0.8322535
0.4998844 0.3216361
0.7393915 0.5902066
0.6886874 0.8127115
-0.4245601 -0.7798110
0.0591771 0.2247079
-0.6657063 0.6772547
-0.5142538 -0.7924510
-0.5508072 -0.2687891
-0.0409388 0.1055760
-0.6722180 0.2482689
-0.5376654 0.5100578
0.0043333 0.1457898
0.1852344 0.6040239
-0.2351909 0.4224737
0.8831586 -0.2780474
-0.8647975 0.4732681
0.6112073 -0.1963995
-0.9014488 -0.2679137
-0.7099888 0.0711950
0.8566732 0.2357984
-0.1928474 -0.1515444
-0.2176011 0.6657795
0.2520328 0.1525276
0.2922522 -0.5536461
-0.9827931 0.5881420
-0.3050767 0.0984998
-0.9857151 0.4937787
-0.4331410 -0.9600612
0.1490941 0.9012270
-0.3704868 0.8204658
0.5179457 -0.0730764
0.1306299 0.6231500
-0.4135172 -0.5757990
-0.2303770 -0.1666176
0.8690321 0.8445003
0.9968652 -0.3015788
-0.1762148 -0.6400303
0.9852342 0.0780082
-0.0725145 0.1177553
0.7822451 0.6064947
0.2586990 0.9581333
0.1861203 -0.9079897
-0.2316687 0.2164285
0.9357789 0.1293651
-0.7902868 0.5928275
-0.8497846 0.2398181
-0.7969429 0.8103220
0.6618765 0.2991487
-0.7096116 -0.9360896
0.4343388 -0.2912319
-0.0677085 0.9360972
0.1677619 0.6402871
-0.2357430 0.4872812
0.5975615 0.0526125
-0.3841305 -0.5356278
-0.7048410 -0.6310385
-0.7957165 -0.4224120
-0.7105250 0.8897798
0.5014676 0.5944106
0.6612951 0.6542371
0.4515904 0.1708372
