-0.5730658 0.4832796
-0.1466097 0.5572548
0.0532960 -0.9338258
-0.4247050 0.1509675
0.1054012 0.4497555
-0.8108043 -0.9838449
-0.6993327 -0.3604489
-0.3693389 0.0376364
-0.6960116 -0.8830186
0.0369491 -0.0920571
-0.8239445 0.8483221
0.4577079 0.9898737
0.7709173 0.0896368
-0.2547079 -0.1360006
0.5368497 0.7914648
-0.3354255 -0.9051863
-0.4446742 -0.7311410
-0.4783597 0.5880429
-0.4508619 -0.9304271
-0.3850958 -0.2544571
0.3340803 0.4557682
0.0433499 0.9420686
-0.6445008 -0.0026748
-0.9741309 0.9515005
-0.7542637 -0.9271553
-0.5119170 0.4122583
-0.7292784 0.7290348
0.3234455 0.5766957
0.3905467 -0.3361663
0.1957547 -0.7188618
0.1583871 -0.1880675
-0.6215114 -0.3755708
0.9785805 -0.2971484
-0.0942394 0.0067553
0.8428778 0.8888659
0.3869702 0.6543603
-0.3975723 -0.8001202
0.7868659 -0.3935717
-0.1529325 0.1628073
-0.1949198 0.5993670
0.7328511 -0.0960950
0.5737911 0.8620440
0.6750713 -0.4254270
0.4383982 0.9115654
-0.5290724 -0.5072604
0.3688333 -0.7618463
0.9015438 -0.8584760
0.1261580 -0.7149902
0.8982875 -0.7823618
0.2401600 0.2196557
-0.2105664 0.2407149
0.7599646 -0.3863937
-0.6056973 0.3538880
0.6823430 0.6909077
-0.6531075 -0.8475403
0.8103673 -0.4771038
-0.5642429 0.8832052
0.8855032 -0.6909868
0.6411179 -0.6484951
-0.4050883 -0.1123679
0.8091173 0.9001705
-0.7929886 -0.3285011
-0.4502505 0.0901020
0.6130386 0.7248890
-0.4696625 0.0597657
0.0390896 -0.6892191
-0.5371522 -0.7926903
-0.9550411 0.8862437
-0.5366379 0.5764214
0.7789338 -0.9563944
-0.3699233 0.2870507
0.4789476 0.2333851
0.8469388 -0.3640445
-0.3210975 0.1732293
0.3039495 0.4780941
0.8450455 0.6986205
0.4723044 -0.3246866
0.5247509 0.4031207
-0.3099102 -0.0377718
0.6313043 -0.6045537
0.9641464 0.1229034
0.0288551 0.5696958
-0.6876603 0.0488672
0.0321295 0.1737393
0.3355950 0.7926768
-0.1176331 -0.9893439
-0.6355349 -0.0030489
-0.9225404 0.6861491
0.0353263 -0.1857550
0.8087330 0.8839327
0.8796657 0.3293756
-0.9860448 0.7239087
-0.3030612 -0.2652639
-0.1381144 -0.6161272
-0.7200081 0.7051550
-0.6205412 0.6831414
-0.9204423 0.4513693
-0.9206736 -0.2605908
-0.6001912 -0.4416027
-0.8388919 0.0864014
-0.0211345 -0.1601753
-0.6729561 0.5413565
0.5701967 0.4139776
0.9676093 -0.1646101
0.8785185 0.8179935
0.1165923 0.5009124
-0.5047127 0.6567775
-0.0158146 -0.7476571
0.0980484 -0.4572503
-0.9694199 -0.5186906
-0.6219753 0.5672336
0.1554847 -0.0459343
-0.3331636 -0.3973533
-0.5526607 -0.5502975
0.9512555 0.0832726
-0.7825330 0.3642521
-0.6262229 -0.3511203
0.8032436 -0.0196803
-0.1813605 -0.7123916
-0.8569005 0.3283130
0.2271613 0.6810509
0.2065248 0.4111193
-0.4221441 0.9158156
0.1265552 -0.7703113
-0.1102329 -0.5063699
0.7825922 -0.5935500
0.9559349 -0.2641599
-0.6506296 0.9624384
-0.9181686 -0.9565930
0.6021648 -0.9035568
0.5439404 0.3017888
0.2539218 -0.4279222
0.4423622 -0.5878419
-0.1344025 -0.8775811
-0.6720575 -0.3880687
0.2441319 0.2599345
0.5126107 -0.6437418
-0.3277982 0.9723124
-0.3791852 0.8218108
0.0636911 -0.8511186
0.9108623 -0.7876764
0.7270000 -0.9044326
-0.4255759 0.1049939
-0.2046895 -0.1313284
-0.0986191 -0.0815364
-0.0486428 0.2402384
-0.4383033 0.1502680
-0.9108346 0.6143121
-0.8824630 -0.9812658
-0.6439872 0.7210349
-0.9079527 -0.0012426
0.8264048 0.0578187
-0.5650165 0.0269778
-0.2869471 -0.4100211
0.6730979 -0.2815441
-0.1854988 -0.1330321
-0.3738343 0.2659880
-0.4973534 -0.5927765
-0.7782316 -0.9073954
0.6772592 -0.1895479
-0.6271640 0.0125913
-0.2616762 -0.6513910
0.8073822 -0.0512079
-0.3925072 0.0016951
-0.7496973 0.6865074
-0.6185856 -0.4773669
0.6436243 -0.8354873
0.9052127 -0.2060501
-0.5290566 -0.3107968
-0.9664405 0.2422033
0.7776544 -0.1950646
0.1723165 -0.8142284
0.7136027 -0.6104773
-0.2426361 -0.7715922
-0.9779088 -0.2869135
0.5328294 -0.6172142
0.1150812 -0.1578962
-0.7322181 -0.0920876
-0.0505134 -0.4605577
-0.9484509 0.7315608
-0.3467648 0.1256215
-0.7474056 -0.8922712
-0.8685677 -0.3952042
-0.8462806 -0.2769885
-0.8381912 0.5229581
0.8476345 -0.6065548
0.6922045 -0.0163211
-0.5908606 -0.8548479
0.0857641 0.8312541
0.3750328 0.6049104
0.4543416 0.9534117
-0.9653503 0.7238195
0.2306581 0.1548519
0.6805654 0.1684304
0.3434471 0.6187376
0.6292670 -0.4076110
-0.0927075 -0.0864882
0.1057092 0.6534738
0.6700372 0.3893180
0.9060938 -0.8337413
0.0663023 -0.4765929
-0.9880257 -0.0666152
0.1223095 0.5867125
0.3953231 -0.3198301
-0.4299170 -0.7603788
0.6712236 0.6330417
0.5096766 -0.7214046
0.7703946 0.8228877
0.1789548 0.5758253
0.8197357 -0.7093229
-0.2301880 0.2322779
0.6064160 0.8354632
0.4940986 0.7003631
0.7723437 -0.1577139
0.6189482 -0.0739037
0.6895214 -0.0988664
-0.1083760 0.6682855
0.3041402 -0.0244918
-0.0414576 -0.7895074
-0.5307580 -0.7403872
0.4611487 -0.5872877
-0.8669277 -0.4410392
-0.7956442 0.5238451
-0.0441224 -0.9626052
-0.8094166 -0.0105289
0.6925223 -0.5688411
-0.7977691 0.9335364
-0.3325285 0.7437667
0.1975632 -0.9323659
0.4922795 -0.6649901
0.2916456 -0.1666131
-0.1127935 0.2109139
-0.2642602 0.7433902
-0.7880588 -0.4041698
-0.3641797 0.7464169
-0.0787790 -0.7913638
0.1429829 -0.6613059
-0.9598540 -0.7306076
0.2564190 0.8532911
-0.7066317 -0.3101389
0.0688776 0.2381130
0.2742617 0.6845598
0.2563663 0.8483659
0.4407222 -0.0750287
0.8932698 0.7225857
0.0983443 -0.7372533
-0.4492541 0.2313572
0.0060283 -0.1078168
0.5621570 0.4772578
0.1041350 0.0818412
0.1116044 0.8963746
0.7224230 0.8767967
0.5566869 -0.8978295
-0.5049525 0.0885187
0.7015610 -0.7242823
-0.0108161 -0.4867670
0.9282997 0.3481426
-0.1385067 -0.2658652
-0.4313634 -0.5897937
0.3242250 0.4946505
0.4779350 -0.0018723
0.5602755 -0.8722235
-0.0797302 -0.3945203
-0.2547139 -0.5988478
-0.2292677 -0.9221581
-0.3145920 -0.3652982
0.2125666 0.8353573
0.8018161 0.2432715
-0.2183320 0.0078081
0.3797249 0.8906170
0.2061126 0.3997898
0.2761175 0.7718244
-0.0813676 -0.1918591
-0.2475759 -0.2494810
0.0092333 -0.3266050
0.5217510 0.1925010
0.5608716 0.0365352
-0.6377654 0.5273783
-0.8107463 0.7214016
0.2677490 0.4151159
-0.1956683 0.5700706
0.5309150 -0.1867143
0.8212204 -0.2562342
0.9177477 -0.4275958
0.1625551 0.6512983
-0.7856416 -0.9137579
-0.5843719 0.8843508
0.6419495 0.5365330
-0.6322847 -0.2719520
0.5509735 0.0114573
-0.2582247 0.9949159
0.7316512 0.4237740
-0.8857239 0.4602158
0.7988455 -0.2663258
0.2365238 -0.4028633
-0.3401104 0.4572544
0.5512593 -0.5582675
0.3083632 -0.8624354
-0.8914132 -0.0949491
0.4709148 -0.7066134
-0.1984058 0.4196158
-0.7898011 0.2768293
-0.3129604 0.8232984
0.9541027 -0.9142722
0.5245352 -0.0725708
-0.3188494 0.1156502
-0.4334012 0.4818041
-0.6081531 0.7391024
0.2556735 -0.7487500
-0.9531838 0.1509247
-0.6440255 -0.2410986
0.1103717 0.5604476
0.7243771 -0.1311423
0.9316808 0.2359344
-0.3961015 0.5492926
-0.8604185 -0.9561204
-0.1976402 -0.2005851
-0.8830919 0.6480434
-0.7771903 -0.6128323
-0.8374329 0.5577703
0.1468497 -0.2367767
0.8450754 0.7688862
0.5927897 -0.6943238
0.8772051 -0.5644779
-0.4695448 0.6457823
0.2207597 -0.1207304
-0.4260443 0.5563813
0.0451376 -0.7659412
0.3017352 0.7947678
0.4553022 0.1738291
-0.2716477 0.9959128
0.0287302 -0.0791922
-0.1871243 0.0373379
0.7669137 -0.8708071
0.7903271 0.3628856
0.0474938 -0.1559042
-0.8398095 0.1983334
0.9649996 -0.7244622
-0.5269557 0.0375196
0.2034226 -0.7648733
0.1296305 0.7999598
0.5418376 -0.3954773
0.1820238 0.1198821
0.7615736 0.8090488
-0.5270933 -0.0978074
-0.5568974 0.8462374
-0.2992167 -0.5633567
-0.3852943 0.3485024
0.9795342 -0.4224512
-0.2851907 -0.6202769
0.8120069 -0.4313055
0.2043629 -0.7515353
-0.0279128 0.7067199
-0.7079444 0.3746953
-0.6352236 0.5904256
-0.2088774 -0.9472052
0.3509918 -0.9998921
-0.3356288 0.8027671
-0.3117182 -0.2137569
0.9428208 0.1563158
-0.0974714 0.6970353
0.5222400 0.7882026
0.2774871 -0.5545558
0.6074059 0.0549159
0.0459105 -0.7669312
-0.0221465 0.8597001
-0.6721632 0.8722263
-0.0672942 0.6293832
0.0910871 -0.6256996
0.9790228 0.1502252
0.7047547 -0.8016302
0.8449400 -0.7765559
0.8857164 -0.8418551
0.0442751 -0.9039755
-0.9254773 0.9504344
0.6775618 -0.7497497
-0.8264438 0.6095435
-0.9597740 -0.7461326
-0.1952165 0.4254187
-0.4033988 0.2353641
0.9374375 0.9640551
-0.8963760 -0.7891031
0.1496668 0.4330378
-0.8303322 -0.8189846
0.8413614 0.2121374
0.9317148 -0.8820408
0.4400353 -0.8125160
0.7256374 0.2016027
-0.6386126 -0.8842697
-0.9959189 -0.8069256
0.4601579 -0.8131159
-0.5270546 -0.9833995
-0.8308246 0.0738564
-0.5460324 -0.8849575
-0.4536304 0.7789353
0.0391653 0.3989905
-0.9185721 0.8131586
-0.0445538 0.0872638
-0.0364365 0.9249917
0.4100322 -0.7595370
0.0800365 0.3827702
-0.7887490 0.7801289
-0.2612729 -0.3250005
-0.4325143 0.8948397
0.9340520 -0.5160510
0.9744589 -0.9467959
-0.4720147 -0.4315874
-0.4216830 0.7585689
0.7040951 0.0222007
-0.3593800 0.1323569
0.0949607 -0.5832214
0.8884209 0.5375090
-0.6160831 -0.1158151
-0.2202634 -0.7671600
0.8779595 0.6641008
0.6745504 -0.4132691
0.3276541 0.9246534
-0.6555827 -0.2670981
0.4795937 -0.0232694
0.5471222 0.3072379
0.8892045 0.9830226
-0.5058002 -0.8319823
0.7118851 0.9817236
0.9977858 0.6387948
-0.0431655 -0.1429736
0.3220311 0.1492246
0.6139372 -0.8375212
0.3177180 -0.2835236
0.7203580 -0.0609849
-0.0285379 0.9763499
0.2440526 0.4439671
-0.7775222 0.0668516
0.2960728 -0.5306413
0.2808832 -0.6427203
0.0993167 -0.9671720
-0.4422715 -0.6690048
-0.0703527 0.7383172
-0.0101820 0.8226120
-0.0071773 0.5682989
-0.2112837 0.5616391
0.0931023 0.3060289
-0.4472590 -0.1344948
0.2349684 0.7098843
0.4231323 -0.8255343
0.9189264 0.9283250
-0.4535742 -0.8132671
-0.3968588 -0.7233220
-0.2357088 -0.4841384
0.4565395 0.3721462
-0.7852738 -0.8080848
0.3525078 0.6804138
-0.3842639 0.2265262
0.5965935 0.0038612
-0.3739309 -0.9709101
-0.4347689 -0.0490518
0.2813401 -0.7091622
-0.7179730 -0.1280404
-0.7323966 -0.7386468
-0.6887165 -0.1011604
0.8239271 0.2728317
0.7913871 0.0779160
0.9959437 0.6627562
-0.6660805 0.1607524
0.1636285 -0.6028134
-0.1736233 0.7021965
-0.8509149 -0.6895361
0.1740738 0.6018989
0.5527318 0.7448827
0.1213746 0.9682862
-0.9651838 -0.7494400
-0.2187485 -0.4250026
0.6376486 0.4140282
-0.3534960 0.5752449
-0.7517985 -0.0794286
-0.4826931 -0.1000543
-0.5608336 0.9371451
0.5399603 0.0347111
0.0632251 -0.0942448
-0.5284477 0.4852201
-0.0058798 0.4371270
0.4603879 -0.4812745
-0.2600659 0.8515384
0.4300289 0.3829453
0.4532863 -0.2477536
0.2697210 -0.7038622
-0.8791117 -0.9350979
0.9275791 0.0092512
-0.3037846 -0.5162630
0.5110192 -0.0712721
-0.6792072 0.2648115
-0.1018095 -0.7923265
-0.2802327 0.3691192
-0.1067232 0.1509812
-0.2309033 -0.2771859
0.6521087 0.1755897
-0.4460335 0.3800747
0.6207586 0.6838405
-0.6065821 -0.6583608
-0.7350103 0.3905740
0.4281050 0.3799921
