0.0807284 0.0933645
-0.7603318 -0.5263996
0.4568737 0.4663265
0.2268640 0.5004122
0.4849349 0.6904244
0.7999925 0.1370282
-0.0161276 0.0263020
-0.8357621 0.9209058
0.6484247 0.5594081
0.7050819 -0.3335160
-0.1514757 -0.0298157
-0.7064825 -0.0208209
0.6558832 0.6171458
-0.5989084 -0.9899770
-0.9930333 0.7304330
-0.5978654 0.0532394
0.8788217 -0.2296457
-0.9955850 0.2644999
-0.2704069 -0.0658854
-0.3619130 -0.8495069
-0.2524861 0.2428076
-0.5912998 -0.6315961
-0.0598596 -0.4832141
-0.9880165 0.4386563
-0.2009637 -0.7545743
-0.0194875 -0.3939172
-0.8373501 -0.5884300
-0.4582489 -0.5307419
-0.8659923 -0.6553120
-0.6090329 0.7116911
0.5303299 -0.1638356
-0.0732528 -0.7383560
0.1052810 0.4330021
0.9592542 0.3016178
0.9445216 0.7297047
0.5947139 -0.8743134
0.6586935 0.9250287
-0.5902036 0.6472452
0.1714919 -0.5179045
-0.2984681 0.8841177
-0.1904364 -0.8007197
0.9917328 0.8040513
-0.5824589 -0.9552296
-0.8432317 0.3867851
0.2065347 -0.3960235
-0.7500837 0.6340339
-0.1396846 -0.6042233
-0.0427387 -0.3717823
-0.9785985 -0.7717575
0.3291953 -0.9184378
-0.8566849 -0.9188472
0.6952236 0.0428534
0.9316417 -0.0184431
-0.8101046 0.4569380
0.0759622 -0.1348714
0.9605032 -0.8214298
0.1690391 -0.5014185
-0.3956716 -0.9374559
0.1805298 0.5969711
-0.5407626 0.3407097
-0.4359014 -0.9054051
-0.0234331 0.3021927
0.0476992 -0.0684395
-0.5256817 -0.1665371
0.8924894 -0.9283418
0.5131574 0.4414178
0.8588728 0.2372262
0.7609922 0.0487484
0.4771724 0.7811735
0.3924676 0.0324264
-0.2077169 0.5097578
-0.9625657 0.2714956
0.6921775 -0.2773273
0.7700406 0.2208755
-0.0896742 -0.5094287
-0.8180626 -0.5783009
-0.9073071 -0.0300181
0.3858579 0.9184836
0.3381347 -0.2729647
0.9385455 0.5349457
0.6522867 -0.1687570
-0.5889390 -0.6265710
-0.0871893 -0.9513693
-0.1906230 0.5004562
-0.0607716 -0.9253109
0.0059554 0.1142865
0.8842240 0.4822098
0.9300783 0.7539691
0.4406723 0.0627841
0.4387949 -0.4382983
-0.1733649 0.6969993
0.2057423 -0.0335068
-0.4124187 -0.4810165
0.5688887 0.2968612
0.5582348 -0.4882040
0.6772447 -0.8379509
-0.4088773 0.5822542
-0.9278688 0.3355975
0.0248709 -0.8395206
0.3615061 0.7155945
0.5176255 -0.0911820
-0.7926112 -0.4327526
-0.9551206 -0.2642524
-0.1728694 -0.4850885
0.9312047 -0.0971007
0.8844931 -0.1321216
-0.4434528 0.5323160
-0.7302660 0.0271864
-0.2966825 0.5862564
-0.2326324 -0.7005302
-0.7423363 -0.5764572
0.2220135 -0.1034359
-0.1280706 -0.4062763
0.1464237 -0.6347388
0.4530080 0.2647686
0.9699897 -0.6338375
0.7546168 -0.2195345
0.2950806 -0.8273782
0.2761604 -0.1258294
0.6790766 -0.3958082
-0.4224901 -0.4004856
-0.0805485 -0.3009177
-0.2988415 0.7823208
-0.7596398 -0.9197892
-0.8909541 -0.8640430
0.9275071 0.8695676
0.5434396 0.0396050
0.9071456 0.8819718
-0.8542360 0.6905829
0.9948113 -0.0369410
0.8498813 0.1299372
0.5871846 -0.0365388
-0.1676556 0.5960319
0.8258550 -0.9617989
-0.1878351 -0.9642105
0.0937204 -0.7998264
-0.6729652 -0.2313455
0.4752431 0.2719021
0.3839795 -0.0132809
0.6493886 -0.3931253
-0.9692043 0.3958710
-0.0752646 -0.4110685
0.3488979 -0.9735617
0.1480026 0.5370313
-0.5020271 0.5995197
0.1240099 -0.8187911
0.2408323 0.8238792
0.9776274 -0.4048874
0.3588903 -0.7971863
-0.2026757 -0.8736425
-0.0713746 0.0481702
-0.3545841 0.1726175
0.5377511 0.5210548
0.9091297 0.0291235
0.1757760 0.6272990
0.6972666 -0.4984527
-0.3243594 -0.7773204
0.1982611 0.6550241
-0.7682970 -0.4370272
-0.6217490 0.4488184
-0.6635681 -0.3444494
0.0282835 0.7772261
0.6712191 -0.1379329
-0.7715317 -0.3207951
-0.8839443 0.0184344
0.0267244 0.1266747
-0.0590642 -0.3981633
-0.1152095 -0.4521877
-0.9316966 0.0025875
-0.1096614 -0.3459836
0.9420249 0.5696714
0.4777265 -0.7518669
-0.1880504 0.5195313
0.1209899 -0.1964631
-0.1306198 0.3190843
0.6233302 -0.7519732
-0.4145863 -0.9546343
-0.3865129 0.1782550
-0.4733995 -0.8654796
-0.9074246 -0.0884774
0.0569195 -0.3603878
0.6205604 0.2572981
-0.5658356 0.5135825
-0.6922851 -0.8553413
-0.1550973 -0.4658608
-0.4980220 -0.0376975
0.6235698 0.2720215
0.1950278 -0.3691971
0.9229463 0.3115478
0.0136384 0.6711872
0.1207623 -0.9641030
0.2901091 -0.0456949
0.2383892 0.1712863
-0.2031548 -0.1896997
0.6400995 -0.8380362
0.1985950 0.5649683
-0.5684566 -0.4149291
0.3464506 0.3655700
-0.2224181 0.5796574
-0.4352316 -0.9133510
-0.4207487 0.7235110
-0.6152828 0.5079089
-0.5745735 0.0997853
-0.1829509 0.7033319
-0.7411243 0.5453406
0.1151657 0.8450982
0.7461177 -0.3964713
-0.7472406 -0.7741470
0.4183998 0.0234552
-0.1526169 0.7444189
-0.6324396 0.7483171
-0.9230311 0.3972930
0.4498641 0.5220951
-0.7097476 0.1490881
0.8003727 -0.1935006
-0.1659000 0.5274547
0.9161746 -0.2726658
-0.6654687 0.8893887
-0.8896720 -0.2292549
-0.3711122 0.7738337
-0.4125152 -0.4961907
-0.2816426 -0.9561955
-0.7107206 0.0780319
0.9160666 -0.4772866
0.2081162 0.5947589
0.5445473 -0.6907362
-0.0651577 0.1911818
-0.5223932 0.6051424
-0.1018997 0.0113433
0.1244474 0.8516941
-0.5121147 -0.0216119
-0.9112015 -0.5131353
0.1466864 -0.6676262
-0.8619319 0.6820466
0.6905594 -0.7769773
-0.1916397 0.9673411
0.3801403 -0.3613284
0.6253484 -0.0666860
0.6894900 0.8924635
-0.3946030 0.8669695
-0.7000167 -0.0022890
-0.6642757 -0.1234356
-0.8835338 -0.1545533
0.7289152 0.8736788
0.9855704 0.9209973
0.4418094 0.1450632
-0.5954691 -0.8728385
-0.3492298 0.2286768
0.1984791 -0.2659950
-0.5517490 0.3052569
0.7087628 0.9292587
0.2094824 0.3827453
0.3934011 -0.2502608
0.3243201 0.0262526
0.5607025 0.8350066
-0.3392197 -0.1543482
-0.0567955 -0.8680705
0.7500093 0.0501828
0.6712734 0.0280556
-0.2653570 -0.9497566
-0.7148222 0.9345528
-0.0993517 0.6777004
-0.1903126 -0.1245543
0.4052151 0.7161942
-0.7063054 0.2667868
0.5143158 0.6937915
0.5101594 0.1485063
0.3713174 0.8913489
-0.2520329 0.9109953
-0.1224469 -0.1585970
-0.3711442 0.5163610
0.9625858 -0.0659320
0.8702323 0.2837515
0.0317741 0.3141711
-0.5827996 -0.6433877
-0.7891004 -0.8633277
-0.2654218 0.4405885
-0.3318674 0.6225996
-0.8564420 0.6879257
-0.3558801 -0.4519236
0.4757223 0.0963803
-0.3601189 -0.2392263
-0.6413522 -0.3549598
0.0111704 0.9759725
-0.3611989 0.9647089
0.3614746 0.5712205
-0.0338766 -0.2554218
0.4125473 -0.3376614
-0.9490611 0.6360619
0.7465009 -0.8865481
-0.3885293 -0.0856668
0.1766416 0.4532232
-0.9886132 0.5889924
-0.4862477 0.0109165
0.0883613 0.0650583
-0.0869359 0.1462550
-0.1264731 0.9780623
0.1343808 -0.2104226
-0.0725117 0.2033800
-0.7849604 0.6662487
-0.3873646 0.7993132
0.7142656 0.9693490
-0.9065553 0.7147581
0.6948721 0.2197512
-0.5023768 0.4916037
0.2348918 0.6628610
0.1023502 0.9313022
-0.9075773 0.4406798
-0.4345958 0.9080957
0.0455427 0.6160193
-0.0143479 -0.4121638
-0.1816118 -0.0885539
-0.9568684 0.0496941
-0.8834866 0.7458019
0.2683026 -0.8121865
-0.0470596 0.4763432
-0.0921825 0.1395540
0.8964029 0.5114783
0.9628840 0.4999319
0.4956270 -0.5095580
0.4362774 -0.4506797
-0.7452738 0.5879264
0.0047280 0.4436125
0.2631834 -0.4285092
-0.9697701 0.8815098
0.3817570 0.3250554
0.5242456 -0.2141142
0.4589964 0.7232154
0.6622250 0.4058839
-0.3942839 0.2559552
0.4788738 -0.8679017
0.3545730 0.8658955
-0.9948257 -0.5019933
0.9779066 0.7383942
0.3803759 -0.3936510
0.5884060 -0.0212815
-0.1893285 0.4903608
-0.0619012 -0.5968819
-0.6655209 -0.1795084
0.4297401 -0.1495835
0.3284171 0.4004013
0.6206173 0.4620934
-0.5110928 0.2697999
-0.1788556 -0.9753287
0.1937493 0.9325886
0.7138730 -0.4991033
-0.5242826 -0.7601384
-0.9852782 -0.5872807
0.8078662 -0.2913421
-0.8769661 -0.0982873
0.7224072 0.8709803
-0.5709695 0.4064501
0.4971737 -0.0785605
0.2909474 -0.3950352
-0.9350365 0.6495761
-0.0424170 -0.1267790
-0.2834378 -0.9679796
0.4872187 -0.6622786
0.4570333 -0.5956449
-0.1844784 -0.9859938
0.1846080 0.1288550
-0.7772955 0.7739283
0.1584873 0.2769760
-0.2170023 -0.0515656
-0.6999850 -0.1868921
-0.1555990 -0.3273745
-0.1492985 -0.9627116
-0.9730289 0.0786171
-0.5053509 0.3962460
0.1348920 -0.7330534
-0.4783190 0.0664912
0.1432482 -0.2677710
0.2534606 0.9548931
0.7064275 0.2949764
0.1865753 0.9678754
-0.5856403 0.8983439
-0.5452777 -0.3672032
0.9306817 -0.2154702
-0.7802739 0.4222270
0.1421482 -0.4146149
0.9993857 0.7611634
0.5927740 -0.4165111
0.9613195 0.4147770
0.9158928 -0.9652699
-0.0299277 0.7840238
0.7951075 0.3118794
0.8881216 -0.5533546
0.6716695 0.1516106
0.0413300 -0.4395457
0.8496069 -0.9144586
-0.6963336 0.3757915
-0.9743889 -0.9821081
0.8267514 0.6565654
0.7042951 0.6797719
0.2487884 -0.7375955
0.6398711 -0.8139792
-0.6364548 -0.2587921
-0.7188748 0.7954266
0.0075930 0.6789375
-0.3105112 -0.3019932
-0.8510425 0.7954954
0.7855718 0.7480706
0.7007491 -0.3223469
0.7303603 -0.3973063
0.3709023 0.7229908
0.6807882 0.1667536
-0.4874712 -0.0761391
0.6942497 0.3015918
-0.6883016 -0.9573992
-0.7136039 -0.6006513
0.9027267 0.8698274
0.8129374 0.7336347
0.2631535 0.7422786
0.9461088 -0.9912449
0.9170184 -0.2313570
-0.4025595 -0.9276086
0.4678410 -0.5397527
-0.6189937 0.2470123
0.1502804 -0.6640117
0.4560631 0.2378550
0.0182938 -0.7800819
-0.6474912 0.2573727
0.9220376 0.1183972
0.2490481 0.8781562
0.7776958 -0.9718587
-0.2779194 -0.4138475
-0.2744611 -0.8219212
0.4825333 0.7429400
0.1899464 -0.3924747
-0.7786501 -0.1253323
0.2950363 0.9109393
0.5655684 0.3909577
0.8803299 -0.0552322
0.6944159 -0.2435394
0.0490524 -0.8943062
0.4828864 -0.6335138
0.1135417 -0.6414567
0.9529131 0.3499339
-0.4561900 0.6489231
-0.8786082 -0.3324876
-0.0514015 -0.4872209
-0.7151911 -0.0426840
0.3893715 0.9560946
-0.6006858 -0.3649592
-0.4154986 -0.1279773
0.9281471 0.5756441
-0.6069698 -0.6336144
-0.6871774 0.1348698
-0.2318865 0.4455732
0.3612587 -0.4365065
-0.6189518 -0.8680698
0.9711061 -0.6447846
0.1458165 -0.9672274
-0.4152639 0.0964700
0.9608924 -0.4066799
0.0386705 -0.0417044
0.1281662 0.7658700
-0.1719588 -0.9148176
-0.9410003 -0.5722608
-0.6007068 0.0275537
0.6865782 0.2710089
0.0999704 0.5900954
-0.3365377 0.9470154
-0.2825448 0.6273820
0.3317558 -0.7741259
0.0059828 0.5253476
0.1685490 0.7386790
0.3922101 -0.6151277
0.1932435 -0.4219535
0.1956999 0.3909070
0.3992715 -0.0123830
0.5562103 0.3838210
-0.7477500 0.9263694
0.6558037 0.9810598
0.8859284 0.2753805
-0.7831676 -0.9744334
-0.6453674 -0.3614512
-0.2994346 0.9912996
0.5119617 0.1871898
-0.2163038 0.6225553
-0.3288835 -0.3462705
-0.6416623 0.4503663
-0.8178561 -0.1242500
0.9858477 0.7140185
0.3525638 0.0395530
0.2710807 -0.7748360
0.6646510 0.7642793
-0.6236990 0.2963133
-0.1453210 -0.4929344
0.2779204 0.9411812
-0.1152488 0.9909265
-0.8207772 0.9400207
0.3965287 -0.9496700
-0.6410168 -0.2310607
0.1999311 0.6903490
-0.7897257 -0.0273949
-0.8003345 -0.4765945
-0.4507245 0.6088684
0.6507529 0.1621829
-0.0069725 0.8073717
