-0.0457260 0.4561403
-0.0666374 0.0931996
-0.8657205 -0.3076000
0.0470109 0.5060488
-0.9968727 0.1823124
0.9680925 0.2621535
0.0428375 -0.6565717
0.8274222 0.0771665
0.3703950 0.1479591
0.5436054 0.4664911
0.1339853 -0.1526316
-0.8710213 0.7516215
0.4793880 -0.1282029
0.2334649 -0.9558480
-0.2628890 0.3955057
-0.4362159 0.0434136
-0.1799757 -0.1356367
0.7485878 -0.8810467
0.9384337 -0.5514980
0.0257970 -0.3791956
0.7305208 -0.6121190
-0.8067738 -0.7209667
0.4918700 0.1502338
-0.3507209 -0.7129673
0.5620177 -0.0172730
0.5159680 -0.1144809
-0.7013037 -0.3114342
0.5123119 -0.6471223
0.8486645 0.6432981
-0.2169081 -0.4604184
0.6601314 0.2920652
-0.7203995 -0.5090450
0.2601149 -0.7936797
0.8676419 -0.6272216
-0.0189911 0.4794258
-0.1665742 -0.4297553
0.5399469 0.7256595
-0.7441538 -0.5623901
-0.3529781 0.4933455
0.2889724 0.5079556
0.1324791 0.8815293
0.1553594 -0.6263389
-0.4530498 -0.7850239
-0.9262236 0.4919041
-0.8315775 -0.7668351
-0.9009919 -0.2705767
0.1753166 0.9196748
-0.4267103 -0.3969115
0.5364075 0.0347992
-0.5485524 0.7028302
0.1778072 -0.4859166
0.2637138 0.4311945
0.4778238 -0.3585087
0.9589581 -0.0494151
-0.2693243 0.5543536
0.4309366 -0.3121954
0.2605032 0.7631172
0.9665167 0.1155142
0.4952348 -0.3478947
-0.3865482 -0.1696763
0.4747795 0.5788989
-0.6788713 -0.8508798
-0.2610921 0.8563064
0.6424081 0.3571790
0.7151267 0.4260051
0.9996668 0.1584232
0.5995897 0.1771415
0.5970178 0.5179437
0.3017267 0.0448507
-0.3157632 -0.3319260
0.6532274 -0.9759965
-0.7346610 0.6691069
-0.3370023 0.4348355
0.3611095 0.6662011
-0.5195850 0.8192627
0.7269449 0.0612509
0.7123099 -0.5466850
-0.0567024 -0.5072600
-0.8142030 0.6331261
0.1759040 0.3152137
-0.1033527 0.7879720
0.0519979 -0.1147278
0.4671835 -0.7298838
-0.2606683 0.6620642
0.9562375 0.9936488
-0.0036194 -0.9779712
-0.1028090 -0.6865716
-0.5745329 0.4426896
0.0185691 -0.8707525
0.9784824 -0.9138715
0.8175907 -0.9271543
0.0892659 0.0479507
0.0630908 0.0709281
-0.0754030 0.4297097
-0.1095738 -0.6321585
0.5829837 0.2222212
0.8129013 -0.5083115
-0.4512888 -0.3379170
0.1889104 -0.9392560
-0.8407852 0.3448604
-0.2631690 0.6023042
-0.9518100 0.9203408
0.6715016 0.8362461
0.9464767 -0.2465145
-0.0724439 -0.8763269
0.4938534 0.6638975
-0.4708056 0.3955268
-0.1555748 0.1298532
0.4958642 0.2272263
0.6981265 0.5805890
-0.3456404 -0.9580554
-0.5356062 0.6061142
-0.8092561 -0.5068868
0.1880286 0.8963885
-0.4423101 -0.3551711
0.7768026 0.0119321
-0.1794766 0.1435524
-0.1243476 -0.9022777
-0.2570907 0.1820165
0.0116589 -0.9724072
-0.4862326 0.5877171
-0.6531540 -0.4842239
-0.9735231 -0.5094892
0.8285750 0.7292953
0.4074722 0.3740320
0.8305185 -0.1163695
-0.5589407 0.1710970
-0.2892903 -0.3949074
-0.2650885 -0.9321246
0.3932267 0.5848909
0.1931407 0.1618683
-0.4060366 0.0461547
0.5482576 -0.2773092
-0.6421284 -0.7954554
0.4340799 0.1344023
-0.5752296 0.9522260
0.1312270 0.4514142
-0.2823599 -0.0991077
0.5794422 -0.3077232
0.6221685 -0.8626832
0.0804451 0.3691181
0.4866939 -0.4267369
0.1515751 0.2423449
-0.3924656 -0.1199322
0.9193934 0.8518440
-0.6492854 -0.2775504
0.4766322 0.7168516
0.5434702 0.0954206
0.6045030 0.9579436
-0.9531255 -0.6094970
-0.1728952 0.4693325
-0.5860613 -0.1825424
0.3220300 -0.9889610
-0.7197937 -0.5138659
0.1789968 0.5425977
-0.8439715 -0.1938396
-0.6232093 0.1514318
0.9689071 -0.0135451
-0.3156675 -0.4296206
0.7562973 -0.3384039
0.0165718 0.1960001
0.1058104 -0.7726948
0.1863638 -0.5207994
0.5605313 -0.8949622
-0.5770840 -0.1420240
0.9750060 -0.8339332
-0.2017582 0.3787651
-0.9267145 -0.0433343
0.3619288 0.7706409
0.4390683 -0.0713758
-0.9406152 0.9548768
-0.1570979 -0.9657876
0.2624737 0.5084110
-0.3718057 -0.9671566
-0.7412883 -0.7774621
-0.2594479 0.7228851
0.6724802 -0.3803970
-0.4120288 -0.6982731
0.5120395 0.8759405
0.4807107 -0.5745669
-0.8560593 0.9004851
0.2250896 -0.2513006
0.3005525 -0.4224524
0.1952416 -0.6426881
-0.4318725 0.8255853
0.3141941 0.8946364
-0.5691236 -0.1940436
0.0685776 -0.5147613
0.6295895 0.4282387
-0.6602114 -0.5458702
0.6978032 -0.4163305
-0.8026466 0.3201076
0.7015186 0.0684836
-0.8802195 -0.2104527
0.0990848 -0.7603610
0.2521734 -0.5609191
0.4966909 -0.1229240
-0.8895032 -0.3197830
-0.2606264 0.2454394
-0.9890587 0.1216871
-0.4889551 0.2442396
-0.0888270 -0.7136847
0.5012345 -0.8420891
0.2618149 -0.8740305
0.3957712 -0.3211515
-0.2987925 0.2008719
-0.9805138 -0.8334990
-0.0009722 0.0299098
-0.8306434 -0.1203691
-0.7735050 -0.3349933
0.4239605 -0.3063060
0.5374958 -0.0727016
0.2406912 0.4857523
0.4825549 0.5524060
-0.4415774 0.2151799
0.0199806 0.8046834
0.6110830 0.6835635
0.0587530 -0.4719840
-0.7677485 0.5750896
-0.9309228 0.9192447
-0.5458439 -0.5484296
-0.3505628 0.6207349
-0.6249146 0.6888674
-0.3906012 0.8633433
0.0263606 0.9174876
-0.3447612 0.5117964
0.4440895 -0.4231959
0.6289481 0.4815626
-0.7298732 0.1203938
0.4927089 0.9711161
-0.6534410 -0.2887232
-0.2997332 -0.0797847
-0.9738715 0.4562088
-0.2566096 0.4421259
0.7794029 -0.9782085
-0.9012640 0.1480218
0.9321287 0.1317082
-0.5773344 0.4260952
0.6246394 0.5894434
0.8079360 0.1450445
-0.1969428 -0.0082306
0.5268973 -0.1943124
0.3604600 -0.3250503
-0.9639986 0.2558245
0.7949008 -0.2665891
-0.5040606 -0.6436261
0.8865132 -0.1625057
-0.5418830 -0.3551245
-0.2038742 -0.8982495
-0.8059227 -0.4550010
0.2386577 0.8693162
0.0055848 0.0152865
0.0598222 -0.0766165
-0.1499946 -0.7265360
-0.3885944 -0.9060106
0.9728253 -0.6767136
0.7192540 -0.3944679
-0.0785324 -0.4667922
0.1953019 0.4195424
0.1921009 -0.1950935
-0.2218679 -0.4851979
-0.6555588 -0.2733598
-0.1881078 -0.5511196
-0.9753385 -0.7105267
-0.1190221 -0.2657998
-0.3043557 -0.4463785
0.0760312 -0.8997716
-0.8789600 -0.4169546
-0.3120850 0.4969914
0.1344027 0.6803037
-0.7099474 0.5678239
-0.6780680 0.2589929
0.4801505 -0.2456150
0.3207214 0.9033998
-0.1127577 0.0665308
-0.9729218 0.9215704
-0.5304222 0.4453774
0.0603974 0.0472964
0.1798599 -0.5241544
0.7254125 -0.3279924
-0.8435393 -0.5202676
0.9887218 0.6827275
0.4062730 -0.1754509
0.2208629 -0.1327439
-0.1796375 0.7951877
0.5492687 -0.7836449
-0.3441063 0.7252821
-0.8125661 -0.1115507
0.5635539 0.3475118
-0.8163156 -0.9865746
-0.8213255 -0.4406418
-0.0129734 0.6757332
-0.1027276 -0.9978029
-0.1441091 -0.0097930
-0.6986765 0.6127062
0.3375043 -0.8591836
-0.5345710 0.7732437
0.8646697 0.9098115
-0.2140444 0.9584379
0.6027967 0.4535779
0.8059114 0.3023967
0.7936823 0.8332651
0.2080914 0.8867935
0.5976698 0.7318623
-0.1149651 -0.3143356
-0.1404507 0.6667029
0.6806359 0.6794440
-0.5010541 -0.3293422
0.9032566 -0.7206376
0.0972369 -0.0847694
0.2884991 0.1506598
0.4417525 -0.6380715
0.2164576 0.2073637
-0.2573199 0.7235116
0.5678264 -0.9278561
-0.3117070 0.3764162
-0.0988726 -0.2802700
-0.4831970 -0.8900256
0.9873102 -0.6903910
-0.1177699 0.7656704
-0.9281328 -0.8055184
-0.3378217 -0.3994985
0.0856301 -0.1245309
0.9183143 0.3633191
0.6455773 -0.2127137
0.2681857 -0.5005573
-0.0587271 0.6547959
-0.1392935 -0.2591547
-0.1969159 -0.5757535
-0.5623071 0.0823851
-0.1301850 -0.4028065
-0.7673070 0.7119055
-0.2413592 -0.0679812
-0.4285059 0.9527771
-0.0561688 0.0560183
0.5764277 0.3848717
-0.1273390 0.6906335
-0.4036242 -0.7923104
-0.4535222 -0.0134030
-0.2897128 -0.4394723
0.7601053 -0.3359870
-0.0766563 -0.3292464
0.6449382 -0.7462919
0.6390657 -0.6695852
-0.0996413 0.4290499
-0.1529221 0.0578506
-0.3309701 0.3280026
-0.5868527 -0.9694475
0.3501406 -0.7561004
0.8936711 -0.6250460
0.8140629 0.6320605
0.7522175 0.1938912
-0.2546241 -0.1732671
0.4588942 -0.1942046
-0.2512732 -0.5977827
-0.7090029 -0.6435377
-0.8979172 0.7545497
0.2199552 -0.1938080
0.5615533 0.4441057
-0.2186232 0.6812275
-0.5492450 -0.0432643
0.6229443 0.6719060
-0.7425190 0.5988989
-0.1412714 0.3995987
-0.7308615 -0.0876165
-0.2627742 0.9421972
-0.3324380 -0.0129774
-0.3691261 -0.9589812
-0.7679295 0.5917037
0.5337380 -0.8145726
0.5290145 0.9283112
0.6953520 -0.2995696
-0.8360251 0.9553037
0.2495585 -0.1103934
0.1143385 -0.5196265
0.5215894 -0.6371970
-0.2596928 -0.8864579
-0.9656761 -0.1040061
0.8699287 0.1424252
-0.4375801 0.8902902
-0.1818650 -0.3088167
0.8941677 -0.1163962
-0.7734565 0.2087375
-0.4951439 0.2010968
-0.3368388 -0.1756520
0.3818553 0.2231386
-0.4897144 -0.2790336
0.6131998 -0.6551804
-0.4347109 0.6930252
0.3318562 -0.1980833
-0.7527664 0.1441209
-0.4370927 0.9551524
-0.6514646 -0.4862269
0.6521777 0.9334409
-0.1881254 0.0008369
0.0188046 0.1639924
-0.7144809 -0.8060288
-0.0223065 -0.2369009
0.6055725 -0.2375211
0.5919790 0.9701882
0.2931400 -0.4636802
-0.2357659 -0.8750601
0.0315950 -0.7312871
0.9266133 -0.3836786
0.9905848 -0.8520082
0.0858951 0.1138117
-0.5931499 0.4128792
-0.5393467 -0.5819744
-0.4238381 -0.1525057
-0.6526559 -0.3172179
0.9266965 0.5360092
-0.9735482 0.0094933
0.2306847 0.4571835
0.7532719 -0.6186817
0.6997494 0.7205350
-0.6261258 -0.8257260
0.1198582 -0.0053484
0.8863763 -0.5158090
-0.5112851 -0.0170612
0.2870720 0.8394791
0.0716857 0.1525964
0.4352517 -0.4042264
0.1283747 0.1347147
-0.2588238 -0.8436284
0.6421981 -0.6915830
0.1744135 -0.9588605
0.4228137 0.8014706
-0.0004626 -0.8349431
-0.0639974 0.4188870
-0.8677973 0.9748916
0.2315655 -0.3740140
-0.8848200 -0.0495132
-0.8492117 0.5833845
-0.2095963 0.4480890
-0.2940496 0.5419866
-0.3811151 -0.9963902
0.2278874 -0.9360754
-0.7067287 0.0772844
-0.0993066 -0.4483502
-0.3343163 0.1468264
0.5622584 0.2509938
0.0548041 -0.0541991
0.9300164 0.6425181
0.7924891 -0.5501093
-0.2011554 -0.8326870
0.7363004 0.5678911
-0.3609119 0.2676764
-0.5259311 0.9698644
-0.3243697 0.2346370
0.1118067 0.5020347
0.2615905 0.4510722
-0.8878968 -0.3052327
0.2173602 0.8591901
-0.2198280 0.1187071
0.3891934 -0.4600951
-0.9949098 0.4342242
-0.2902108 0.2190465
-0.2675310 -0.8141131
0.3396660 -0.7516519
0.2115820 0.3988692
0.5773482 -0.4054588
0.1618452 0.4766336
-0.6984786 -0.5212853
0.6264907 0.6667519
-0.6040420 -0.4610627
-0.4990640 0.4931877
-0.9125667 -0.7095718
-0.1298582 -0.2256035
-0.9041266 0.6034498
-0.3221733 -0.2804455
-0.7538490 -0.3975742
0.7897936 -0.1800305
0.5856042 0.9878577
0.7227008 -0.5316939
-0.6362579 0.7833523
-0.3532685 -0.7668331
0.7716733 0.9783577
0.8133314 -0.8812905
0.0920595 0.7038809
0.1996744 0.0186589
0.5142661 -0.9629547
-0.9610744 -0.2304428
-0.7996133 0.7913993
0.0892931 0.5109180
-0.6136399 -0.6725510
-0.3944640 -0.1732417
-0.2515166 -0.4968071
-0.4343844 0.0516072
-0.8220979 -0.4775343
0.9454503 0.6966468
-0.4499521 -0.3013981
0.7052591 0.7331690
-0.9490946 0.6278117
0.0514387 -0.6528463
-0.1788574 0.3866782
-0.9267593 -0.9261937
0.8101157 -0.0896796
0.2820612 0.5113807
0.2010796 -0.0170556
0.4712018 -0.0048130
