-0.4070117 0.8365650
0.0226193 -0.1286272
0.9567996 0.5047253
0.8335996 -0.0823440
-0.0786065 0.9947033
0.6532577 0.8756523
0.9135687 -0.4328720
0.8056740 -0.8069640
-0.4723577 -0.7069194
-0.8812447 0.8165973
-0.8583270 -0.8114727
0.9677545 0.6878013
0.6747419 0.7191085
-0.2101441 0.6170587
0.5138869 -0.5546732
-0.5797862 -0.8062440
0.9100345 -0.9240970
-0.6899361 0.4276188
0.8935875 0.8752914
-0.3106720 -0.6669362
-0.0704536 -0.5805647
-0.1833588 0.5827376
-0.6293796 -0.0195110
-0.2646477 -0.6712837
-0.2281805 0.6485644
0.3701965 0.1581371
-0.7264929 0.3048951
-0.3137642 -0.7769483
0.8714885 0.2406108
-0.0575184 -0.3183871
0.2037667 0.0368446
-0.1796282 0.7801605
-0.1822972 0.2814646
-0.4039907 0.2672556
-0.0241756 -0.8992347
-0.8660170 -0.8851868
-0.7013471 0.8922287
-0.0846961 -0.1427417
0.5192800 0.4902323
0.9583084 0.6088539
-0.1984381 -0.3756367
-0.2034313 0.7123188
0.3576832 -0.2619418
0.8270500 -0.7284026
-0.2955081 0.5744183
0.6736669 -0.9171123
-0.2178690 0.0164961
-0.1162732 0.0400170
-0.5783898 0.4605993
0.6750952 -0.5214957
0.6162507 0.5723954
0.0260980 -0.3190500
-0.5075680 -0.6758586
0.2592550 0.1084097
0.2002918 -0.0726848
-0.0155539 0.7570144
-0.5238909 0.1547299
-0.4312357 -0.9767597
0.5769010 0.0938595
0.0559026 -0.2360027
-0.7045063 0.3444175
-0.2520020 -0.6110593
0.6539519 -0.1349823
0.6091712 -0.9253677
0.7888502 0.9375468
-0.6492659 -0.6657648
0.3569546 0.8227687
0.6774767 -0.9415178
-0.0703344 -0.9273981
0.8065088 0.9481185
-0.1105410 -0.9380095
0.5468454 0.1776409
0.5919528 -0.2510346
0.4162861 0.7176967
0.6743280 0.5457520
-0.5164032 -0.1531916
-0.7320930 0.0348367
-0.7036411 0.9091764
0.7846034 -0.5643287
0.5624989 0.0782841
-0.0855219 -0.3292134
0.2680920 -0.3859491
-0.7133204 0.9728756
-0.9702243 -0.5803357
0.2884444 -0.6232850
0.6240520 -0.0357261
-0.7883409 -0.5638939
-0.6553591 0.6853302
-0.8428349 -0.9878269
-0.3066338 -0.4825616
-0.5052121 -0.3321797
0.2486175 -0.5036583
-0.1636618 0.8437375
-0.3529472 0.7411955
-0.7108580 0.3889441
-0.0019309 -0.3260059
0.1189782 0.7648430
-0.1207833 0.4749773
0.0689635 -0.8379563
-0.0173175 0.9543168
-0.1344526 0.3459464
-0.9840274 -0.5854657
-0.1553259 0.3396825
0.4107386 -0.4510282
0.4238086 0.0979152
-0.4150011 -0.2290595
0.6027888 -0.1229803
0.5730410 0.8556642
-0.9046068 0.0743368
0.4557938 -0.1556633
-0.8286316 0.8096157
-0.6387365 -0.8382279
-0.5691767 0.3245250
0.1227766 -0.2157444
-0.5660197 -0.2392206
0.5669408 0.2781580
-0.5555727 -0.4068390
-0.5005160 0.4200517
-0.0226549 0.9863453
0.9058244 -0.8912372
0.8679031 -0.7371004
0.2912381 -0.8395818
0.5179540 0.8434924
0.7098644 0.4168735
-0.3826651 0.4772803
-0.6290215 -0.3627416
-0.5758676 0.5355062
-0.2189607 -0.4450943
0.0809644 -0.1082402
-0.1525585 -0.1131836
0.6841152 0.3012252
-0.3279854 -0.8493657
-0.7195561 -0.1026454
-0.8652480 0.7700153
-0.7859145 0.6951526
-0.9659076 -0.0662539
0.7620414 0.3181898
-0.0835880 -0.3907438
0.1258812 -0.6711141
-0.2102082 0.1729350
0.3429497 -0.5178389
-0.1543191 0.0691373
-0.3879282 0.3857625
0.6307271 -0.4146571
-0.3031820 0.3312115
-0.0661055 -0.2185434
0.2355115 0.9016673
0.3001347 0.9322065
-0.8085171 0.5585255
0.8045300 0.8549990
-0.7152647 0.2115572
-0.0430314 -0.8744593
-0.4728169 0.5835090
0.1954008 -0.9701519
-0.4922861 -0.0321246
0.1573344 -0.9036887
0.6085477 -0.6225981
-0.3258959 0.4038058
-0.2889220 0.1959856
0.2976638 -0.5755111
-0.0985850 -0.4759049
0.3670252 0.4440396
0.9525627 -0.9934762
-0.2860939 0.8022925
0.6864948 -0.0228663
0.2568253 -0.8510914
-0.1833872 0.6024767
0.4752445 0.5018539
-0.6558122 -0.2171810
0.5869201 0.0357644
-0.0500572 0.9521662
0.0485353 0.1838353
0.9411720 -0.5319106
-0.2026989 0.2563297
0.3546229 -0.1226647
-0.1370479 -0.0181131
-0.2877699 0.2753078
0.8719720 -0.2224612
-0.2673888 0.8851983
-0.9097052 0.3520424
-0.3763685 -0.7508901
-0.0370634 -0.0213237
-0.6222816 -0.7315856
-0.6170014 0.7263211
-0.8686822 -0.5148249
-0.9542174 -0.0691756
0.8939164 0.6465377
0.9619975 -0.7041573
-0.6278533 0.2207235
-0.5717246 -0.6143918
-0.0500351 -0.1981891
0.4190873 0.3031434
-0.0960017 0.1897870
-0.6642224 0.4839259
0.6319483 0.6484718
-0.7339475 -0.5610215
-0.7389721 0.9983142
-0.3830225 0.7566567
0.5060421 -0.3128689
0.4122582 -0.6667685
-0.9248272 -0.4158058
0.1087259 0.7171056
-0.9386084 0.8457218
-0.9594729 0.6258224
0.0630333 -0.3063848
0.7726267 0.1079502
-0.8645161 0.9350574
0.2758769 0.6720906
-0.9900209 -0.3512738
0.3700061 -0.1813931
-0.6427349 -0.8231332
-0.4203126 0.2109909
-0.9481802 -0.3254818
0.8719359 0.4559660
-0.9829527 -0.3563089
-0.8762105 -0.6233921
0.1283519 0.5899878
-0.1236543 -0.1093793
0.1652216 -0.9660790
0.1470848 0.8657854
-0.1957738 -0.6706552
-0.6144521 0.0950874
-0.4759329 -0.7007154
-0.2998221 0.7644367
-0.2105846 -0.7508626
-0.4647924 -0.6541202
-0.2414290 0.2711225
0.0688386 0.5579409
-0.9106461 0.7107556
0.3673209 -0.0034692
0.4448160 0.9341695
-0.0113253 -0.6144128
0.8383905 0.5901007
0.7420786 0.4418506
0.4228746 0.9293546
0.1382524 0.0011158
0.1004210 -0.0790654
0.1772121 -0.2084656
-0.0171505 0.1195643
0.6991647 -0.8561903
0.1267060 -0.9086045
-0.4255330 -0.7016410
-0.3007516 -0.0346620
0.1169883 0.6662568
-0.7134136 -0.5181426
-0.5143003 -0.1998082
0.9463161 0.5038846
0.2784741 -0.0212126
0.6409547 0.4821997
-0.3319503 0.4200651
0.8133338 0.3209542
0.9466835 0.2808313
-0.6284033 0.5569821
0.3665421 0.8045420
0.2305782 -0.7850985
-0.9879130 0.9208852
0.1557470 -0.2457569
0.2721147 -0.4664900
0.5303609 -0.0540127
0.3138268 -0.1304178
0.6194854 0.2699696
0.6030756 -0.6515249
-0.5477523 0.4070969
0.9916704 -0.2217368
-0.3109044 -0.3086873
-0.4440363 -0.3596311
0.3141537 -0.0748560
-0.3940704 0.2216509
-0.1380791 -0.6365609
0.2313764 0.2393455
0.6776642 0.3289936
-0.8889434 -0.9796706
-0.4945106 -0.7614218
-0.5646201 0.1313443
0.1485968 0.4800410
0.8165133 -0.5064848
-0.0292837 -0.1826191
-0.3661370 -0.8661213
0.1889021 0.0970442
-0.4984228 -0.9479575
0.8761413 0.7119219
-0.6846440 0.0189450
-0.0008630 -0.0503059
-0.5195040 0.5794267
0.6873410 0.3042248
-0.5394160 0.3361440
0.5347277 0.5683614
-0.8956544 -0.3723895
0.3469380 0.5094918
0.7828159 0.4583812
0.6888654 0.7524827
-0.2736417 0.1864430
0.6609071 -0.3488596
0.3141565 -0.3586359
0.5863512 -0.7313160
0.3929186 0.9409509
-0.0332890 0.7491221
-0.1215940 -0.3311662
-0.8541180 0.9369656
-0.6711708 0.3520147
-0.0463707 -0.7839373
0.9877484 0.3695887
0.8052554 -0.9248467
0.9739589 0.9866083
0.9191667 0.0048994
0.5995552 -0.9757652
-0.4764858 -0.8995909
0.9048982 -0.1453463
0.5954164 0.4135966
-0.5228541 0.8095651
-0.7813383 -0.0302814
-0.1962591 0.2321895
-0.5995785 -0.0393034
-0.6817141 -0.2152769
0.6965711 0.6021544
-0.2467083 0.5091122
0.7578379 -0.6612617
0.5965569 0.6365296
-0.8931349 0.5687695
-0.3163322 -0.2856559
0.1639109 -0.2370900
0.8804405 -0.7774679
-0.2736274 0.0969568
-0.6075773 0.8426627
-0.1902426 -0.7354106
0.8742986 -0.4026536
-0.6929079 -0.3856718
-0.3067971 0.8195025
0.8345492 -0.2656064
0.6525450 0.1944843
-0.6683598 0.8619413
0.7677854 0.4699520
-0.4113438 0.4920350
0.8247690 0.9173144
0.7040909 0.9778625
0.7852347 -0.1142014
0.0670181 -0.0171322
0.5366953 -0.5220541
0.1254400 0.3326254
-0.8847078 0.8227619
-0.6257907 0.5500699
0.2275027 -0.3128455
-0.8939827 0.8078608
-0.7670270 -0.6090621
0.0981451 0.2791445
0.1513924 0.7034401
0.8856439 -0.0000435
0.2473487 0.5458698
-0.7353109 0.9394443
-0.5638391 0.5751612
-0.9942747 0.8408598
0.8905529 0.8181859
0.8184572 0.6842958
-0.2677890 0.4498843
-0.6407482 -0.1132037
0.8691023 0.9974287
-0.6518304 -0.6060294
0.5642518 0.8176594
-0.6076143 -0.9665140
0.5158484 0.9034783
-0.2486024 0.7060511
0.2784793 -0.5198840
-0.5551429 0.8415855
0.1238015 0.4117443
0.2781467 -0.9744228
0.6541008 0.4978344
0.6434839 -0.1457525
-0.2520542 -0.3622839
0.7771186 0.0488556
0.9424409 0.6643501
-0.7698832 0.0229504
0.3675718 -0.4854638
-0.5341597 -0.1308107
0.4859132 0.6344961
0.4522753 0.5589858
0.8020742 0.2116392
-0.6797829 0.5531886
0.2627647 -0.2383077
0.0648827 -0.9589715
-0.8015193 0.6074572
0.0916422 -0.0530657
0.9446380 -0.8676492
-0.5824076 0.6972263
0.3036409 -0.4342796
0.6191308 -0.2907588
0.0583591 -0.5629223
-0.7247705 -0.4911048
-0.0477494 0.2444935
-0.4752061 -0.5051121
0.6474793 0.1024976
0.9415310 0.7814986
-0.8593548 0.2885091
0.5310491 0.4917047
-0.4606746 0.2080770
0.5520200 0.9917834
0.4316235 0.7620760
0.0953197 0.0202146
-0.7398809 0.2925923
-0.4491522 -0.4048091
0.5988835 -0.8381145
-0.3353255 -0.1074099
-0.1265028 0.4258014
-0.4804866 0.0612716
0.2497475 -0.2844839
0.3139766 0.3248634
0.3682713 0.1216093
-0.6635439 0.2316427
-0.3617265 -0.8470963
-0.2413413 -0.2547802
0.7644527 0.6282179
0.5268741 -0.1472342
-0.7451011 -0.0184298
0.8741408 0.2529342
0.0709340 0.3636445
0.8465726 0.0778383
-0.9814857 0.0964436
0.1208024 0.7119731
-0.8299389 0.5043448
0.6570982 0.1798464
-0.2078728 -0.7763835
-0.6593933 0.9124286
0.0878129 -0.2329789
0.4017526 -0.0152978
0.1928386 0.2626015
0.6512334 0.1632319
-0.1214721 -0.8794557
0.3954920 0.6931011
-0.5501348 -0.1855505
-0.8287059 0.8974425
-0.8547986 0.6608951
-0.3295010 0.5026440
0.8101471 0.9697017
-0.0925777 0.4834444
0.4236802 -0.6325025
-0.2454254 -0.0126629
0.8836076 -0.8116320
0.9203684 -0.2401661
-0.5925869 0.9120995
0.0978597 0.2370939
-0.0459263 -0.9181660
-0.4230246 -0.9981489
-0.8153430 -0.8899465
0.3640684 -0.4851498
0.5732553 -0.9945127
-0.1176730 0.6846746
0.6769586 0.0256722
0.8726180 0.1865781
0.6402966 -0.2004096
-0.3610156 0.6916884
0.3601446 -0.2411335
-0.7497424 -0.4517236
0.3173931 0.5075238
0.8043585 -0.4346261
0.7638567 -0.7700950
-0.7131581 0.0827236
0.0142513 -0.4287651
0.9218060 -0.4353967
-0.0395586 0.5479149
-0.6556369 -0.3273204
0.8680847 0.2100143
-0.9102787 -0.9723037
-0.7057719 0.7719864
-0.1099381 0.2512310
-0.5302996 -0.0526617
-0.7807933 0.5889393
0.0461885 -0.7848923
0.6642708 -0.0896473
0.1553545 -0.7193524
-0.2071693 0.0403496
0.0410801 -0.1206070
-0.0663260 -0.0601052
-0.4122598 0.4249774
0.4519428 -0.2414916
-0.7278287 0.7819762
-0.5709384 -0.8659720
0.9089547 0.8492660
0.6906625 0.9893353
0.5231483 0.6913344
0.2551432 -0.0608498
-0.9298138 0.7891902
-0.2819546 -0.3958451
-0.4656202 0.9578527
0.2938393 0.9912477
-0.4637457 -0.0308925
0.3347554 -0.5411738
-0.2107902 -0.9872005
-0.8668835 -0.7635003
0.5699153 -0.1453548
-0.0918207 0.5693941
-0.0028581 -0.3571677
0.9710965 0.3231116
0.5453943 -0.9699342
-0.1952177 -0.9743222
-0.6281428 -0.9477199
0.2003350 0.9744456
-0.9894550 -0.1243141
-0.8785627 -0.4263579
0.7803258 0.4100500
0.7547048 -0.3020677
0.1337979 0.2727488
