-0.6306485 -0.9728203
-0.0986177 0.7671581
0.2135057 -0.0136656
-0.0913370 0.2926837
0.1895642 0.7942563
0.7208792 -0.8729179
-0.9784679 0.9918339
0.0016686 -0.4253640
-0.4953094 0.3813800
0.1326913 -0.6238186
0.2122059 0.5896827
0.9391401 -0.7417572
-0.2889214 0.3531750
0.0422382 0.5402885
-0.5725884 0.1877484
0.4708393 -0.2978474
0.7842357 0.8805216
0.2452878 0.6049585
0.6509621 0.1754170
-0.5080680 -0.2693184
0.2951792 0.3188685
-0.0950082 -0.7083126
0.0017942 0.5704307
-0.8184890 0.9843016
0.0563954 -0.6511367
-0.6385563 0.0017280
0.1911116 -0.7210382
-0.2899377 0.6133578
0.0260389 0.6189473
-0.5188113 -0.1492004
0.8271716 -0.8023157
-0.8346772 -0.0133673
0.6810573 0.5249014
0.8488033 -0.1938626
-0.9521704 -0.6053124
0.3145644 0.7017228
0.0838389 0.4692255
-0.6537844 -0.7928275
0.2414495 0.7683419
-0.9034306 0.9234741
-0.3883701 -0.6341953
0.1833783 0.9325599
-0.4356538 -0.8603733
-0.7393868 0.9638813
-0.3398213 0.2197382
-0.6836665 -0.0912091
0.4674982 -0.6844827
-0.0967265 -0.9882956
-0.0671454 0.2637088
-0.8201402 0.7814838
-0.8728895 -0.3098367
0.3316819 0.1407187
-0.1113623 0.2236180
-0.2888987 0.8591256
0.2274325 0.4291110
0.1230066 -0.3355578
0.2876286 -0.1506023
-0.3737165 0.5261647
0.4540557 0.4364743
0.1498544 -0.6773125
0.8075537 0.6222165
-0.5659367 -0.8741872
-0.7991200 0.4767266
0.3707452 0.8784986
0.3366287 0.3227982
0.5971899 0.4315927
-0.1660044 0.4143227
0.9208597 0.3558558
0.4172159 0.6362226
0.9833886 -0.4639526
-0.0072148 -0.7809708
-0.3529084 0.5427192
-0.1666358 0.4032817
0.8934043 0.6410497
-0.6568946 0.9202597
-0.3779192 0.0282991
0.4842166 0.4733091
-0.0971476 0.4955725
0.3928242 0.9446460
0.9512270 -0.8282720
-0.2114211 -0.1768404
0.9924273 -0.7144325
0.2978618 -0.8132924
0.2199854 0.2203137
-0.6198051 -0.4578779
0.3249728 0.0283832
-0.5490780 -0.2656609
0.9374464 -0.1596929
0.7200151 0.3160708
-0.1219747 -0.0213165
-0.0523522 0.7149699
-0.0974049 -0.5775942
0.5692718 -0.3682887
0.0618949 -0.2348248
-0.4276458 0.0285903
-0.3306842 0.9782301
0.3301247 0.3595899
0.0550180 0.6045279
0.2543104 0.7925532
-0.2727223 -0.4758505
-0.5828474 -0.4199139
0.1304197 0.6704546
0.1716062 0.3886019
0.9372705 -0.9723161
0.0911452 0.2809933
0.9275728 -0.6191591
0.3098859 -0.8575719
0.4957066 -0.5466107
0.5781642 -0.6210482
-0.8224607 0.7659580
0.4140564 0.5329239
0.1238536 -0.5672613
0.4263607 0.9226039
-0.0676551 0.7508093
0.1011544 0.0062805
-0.1513917 -0.3488349
0.0488152 0.2048747
0.6936954 0.8624290
-0.9835285 0.2158005
-0.4991029 0.0486911
0.4875152 -0.9243942
-0.9828231 -0.4682973
0.7631875 -0.9335163
0.6863582 -0.0635342
-0.5975819 0.7883488
0.3418977 -0.1931663
-0.4971200 0.1759024
-0.7666085 0.0629177
0.4374606 0.6713295
0.2823959 -0.8406681
0.7099874 0.1522272
-0.8170124 0.1464478
0.7303164 -0.0859687
0.3531261 -0.6502115
0.3990440 -0.7901607
0.2407784 -0.6051992
0.4499782 0.2804149
0.7295576 -0.8929197
-0.6301706 -0.1974915
0.4302486 0.5440019
0.5636715 0.7738579
0.1484649 0.4105365
-0.2240189 0.4559857
0.6490487 0.1621977
0.6020934 -0.7432028
0.1605221 0.6424114
-0.4339257 -0.5280942
-0.0353258 -0.9858553
0.9473744 0.3360591
-0.9240171 0.2041167
0.3937699 0.0592617
-0.4296438 0.4026218
0.0632244 0.5356393
0.1681093 0.3014590
-0.5037098 0.6830606
0.7087629 -0.6275793
-0.4545836 -0.2205113
-0.3250705 -0.7975377
-0.8054069 0.0244312
-0.6510478 -0.5889618
-0.6676555 0.9010775
0.9193205 -0.2632202
-0.1052658 0.8609580
0.2034313 -0.5802821
0.9383788 -0.4478019
-0.5046712 0.4781611
0.2910018 0.0708257
0.2342339 0.5036069
-0.1154369 -0.0687230
0.7250992 0.4640730
-0.9232678 -0.6313578
0.6040486 0.3263801
-0.3902666 0.2385358
-0.3032804 -0.2946608
0.3217480 -0.3603346
-0.2540798 -0.1705536
0.7904213 0.4194061
0.4990192 -0.8207705
-0.7037107 0.0136337
0.5416525 0.5049605
0.0978077 -0.4377529
-0.2608858 0.3642563
0.8691349 -0.0279958
-0.0193160 -0.2293184
0.5624165 0.9558541
0.4604556 0.5767448
0.4336867 0.0237566
-0.3518843 0.3335602
0.1271210 -0.4403447
0.5357933 0.2430139
-0.1012455 -0.6804268
-0.5206654 -0.1504450
0.3832248 -0.8877687
0.1947682 0.5601053
0.2842948 0.1197087
0.0903627 -0.6616474
0.4209091 -0.8029650
0.2599420 -0.8660115
0.5560410 0.6423207
-0.0207495 0.7386488
-0.0411309 -0.5630114
0.8912392 0.9678937
0.2270657 0.5562989
0.0699228 -0.9293836
-0.6917541 -0.1083055
0.3295279 0.4125223
0.5066163 0.9145042
0.7478004 0.1441827
0.9652024 -0.5233237
-0.2861207 0.6609481
0.9131296 -0.8663893
0.6991103 -0.7154071
-0.5719236 -0.6151979
0.8410025 0.0507362
-0.1477206 -0.1501641
-0.3993928 0.8733274
-0.7133248 0.5877492
-0.4686783 0.3257005
0.7711503 -0.7820542
0.1651603 0.2242134
-0.7039039 -0.5483733
0.2154652 -0.2094418
0.3757994 -0.2729481
-0.8440930 0.7581047
-0.7245671 -0.6593690
0.9046842 0.5907256
0.0095262 -0.3105541
-0.8721708 -0.3184007
-0.9601240 0.8059346
-0.4915323 -0.8531781
0.1132439 -0.0175313
-0.3420225 0.9853914
-0.9004903 0.0749595
-0.9852060 -0.1445723
0.6048241 -0.6213843
0.3210592 -0.3993080
-0.9565596 -0.8358749
0.2051425 -0.4998976
-0.7765472 0.8425924
0.0832452 0.1154349
0.5002742 0.8736006
-0.9537404 0.9305829
0.7895564 0.6342494
0.4090352 0.1391120
-0.1170253 -0.5949146
0.8711565 0.4196733
-0.9858243 -0.2641162
0.1111195 0.0049321
0.5432269 -0.2929151
-0.6798978 0.3986696
-0.8388754 -0.9972272
0.7586361 -0.2611244
0.7360349 0.4332543
0.8781550 -0.5064435
0.8503927 -0.0311293
0.1722962 0.1085798
-0.1893711 0.0953191
-0.8641843 -0.7095111
-0.8159934 -0.2359022
0.5859388 -0.3470808
-0.4265701 0.0550318
0.4926600 -0.2192328
0.4585220 -0.7333002
-0.6274917 -0.6093892
0.1953255 0.8821717
0.1431005 0.7573174
-0.8873360 -0.7276070
0.7647979 -0.0394405
0.9053694 -0.0273552
0.5134604 -0.9013735
-0.8447555 -0.5082590
-0.5244308 -0.5686098
0.8419023 0.0811250
-0.6717082 0.5195264
-0.1415038 0.7734161
-0.1353668 0.2531319
-0.2967201 -0.7821069
-0.1702832 0.2843505
0.7829831 -0.7383593
-0.5274407 0.3312418
0.2628990 -0.1627720
0.2603691 -0.9433190
0.4928090 -0.6107592
-0.2122649 0.0310226
0.6924914 0.3751102
0.3970753 -0.7132762
-0.4824456 -0.8675707
0.3279487 0.1533529
-0.1919395 0.0566410
0.1059877 0.7556257
0.2214954 -0.9169835
-0.2917968 -0.2085576
-0.6196919 0.9999261
-0.9422435 0.9502380
0.9503812 0.5614230
0.3600922 -0.1758144
0.9892165 0.6551717
0.4590510 -0.9072566
0.2104196 0.9059323
-0.4384519 -0.2199163
-0.1448795 0.1841304
-0.3251469 0.0103864
0.1639667 -0.0436800
-0.0938785 0.1419522
0.8159353 0.0880038
0.2352241 -0.1466598
-0.9355008 0.7989230
0.5870358 -0.4610071
0.8794268 0.7854614
-0.9241564 0.7321676
0.7441393 0.5493276
-0.6084503 0.2837672
-0.7337153 -0.8204315
0.1791101 -0.0170613
-0.8626177 -0.8946512
0.2983107 -0.9869396
-0.5945833 -0.4869955
0.0505924 -0.5506987
0.1268293 -0.0068014
0.0529608 0.8283528
-0.2064866 0.3706567
0.3810798 -0.8536757
-0.8496238 0.9034032
-0.2371109 0.2794983
-0.6338010 0.0051633
0.8171918 -0.3392354
-0.6249546 0.0206138
-0.5398587 0.7625579
0.8572443 0.5366347
-0.6656398 0.9867730
0.1178464 0.4207944
-0.5354066 0.6642492
-0.3746690 0.5126905
-0.2528700 -0.9970514
-0.5261437 -0.5541221
-0.3471926 -0.1783374
-0.8549048 0.8958062
0.5848823 0.0809123
-0.7567875 0.0561200
-0.8249831 -0.5231597
0.2988602 0.9831973
-0.2427531 -0.3179975
0.5607662 0.8412874
0.7247962 -0.0519788
-0.5861078 -0.7519615
0.7706277 0.0177321
0.4855837 -0.6143751
-0.3393863 -0.5024518
-0.7146797 0.2376821
-0.3886699 -0.4792098
0.0162503 0.0910881
0.0162477 0.3987451
0.5628399 0.7820792
-0.4085647 0.2911499
0.2903791 -0.8441703
-0.2600668 0.0288252
-0.3152344 0.0875285
-0.7084730 -0.4030933
-0.4035417 -0.9773673
0.4570965 0.9879417
0.9582985 -0.2137996
0.4245495 -0.6445383
-0.9532835 0.7818764
0.9891851 -0.0780604
-0.9313063 0.9992877
-0.8036462 -0.5600056
-0.7845071 0.6582804
-0.4159384 0.1862410
0.6846630 -0.3446282
-0.1172635 -0.3530059
-0.2404767 -0.9684681
0.8054927 0.3732017
0.5227197 0.2223378
-0.0495996 0.4887027
0.8122804 -0.9056257
-0.2459770 -0.7309384
-0.7564491 -0.0754723
-0.7982934 0.6437278
0.8178233 -0.5180268
-0.3991438 0.6005447
-0.6065634 0.2712180
0.4732132 0.0290863
0.8832253 -0.4505065
-0.2408480 -0.5277890
0.0611271 0.3665502
-0.6784526 0.0049848
-0.0188307 0.3226965
-0.9906418 -0.0390925
0.3434779 0.6633710
0.1017581 0.6089619
-0.6293202 -0.1108083
-0.8096643 -0.9115755
0.2514047 -0.3924594
-0.0598793 -0.8196085
0.5253262 0.5477306
-0.6189092 0.3065288
0.9304913 0.4510968
0.3392732 -0.6505706
0.8727940 0.2187227
-0.4086446 -0.2433860
-0.4005837 -0.5594471
-0.5948877 0.4629167
0.9260127 0.0666679
-0.7143953 -0.8001260
0.7771027 0.8024159
0.6172715 -0.6118816
0.0177661 0.3354624
0.1729765 0.4794151
0.4472420 0.5579255
0.7488483 0.8646848
0.3436189 -0.5583306
-0.9459532 -0.3957381
-0.9127826 0.8867817
-0.2809811 0.6368535
-0.3919186 -0.2555378
0.7917442 0.5582938
-0.8751576 -0.9783560
0.7011937 0.6983674
0.0823869 0.9779618
0.0676506 0.5152122
-0.7305462 0.2555161
-0.1632745 -0.5982172
-0.3300250 0.9804091
0.9826820 0.5135351
-0.3384832 -0.9800314
0.7213705 0.4864306
0.8653674 -0.8826607
0.7017774 -0.7278053
-0.2971163 -0.0371733
0.6266868 -0.4488891
-0.4858552 -0.9593983
0.4630201 -0.1971619
0.5487094 -0.9422319
0.8695916 0.5092691
-0.3647793 -0.4046744
0.7185182 -0.1416916
0.2547006 -0.4994498
0.8227099 0.7427057
-0.9074344 0.3494348
-0.2817664 -0.1483077
-0.9772024 0.5993245
-0.9436352 -0.2804575
-0.8291156 -0.0843654
0.2567442 0.0570559
0.0127540 -0.5497329
0.8901509 -0.0395823
-0.9533234 -0.6412198
0.0831792 -0.9782493
-0.5233311 0.3690220
-0.4406954 0.0483058
-0.6056642 -0.6335658
0.8416584 0.2683405
0.4443454 -0.8218379
0.3143055 -0.7471621
0.7987677 0.6586307
0.9526384 -0.0024083
0.4878914 -0.8124128
0.2222981 0.2004625
-0.2505219 -0.9915541
-0.7610337 0.6350375
0.1930750 0.9393995
-0.8083518 0.6669514
0.6876265 0.6123499
-0.7494095 0.2926642
-0.1668818 -0.7269550
-0.7373604 0.8318613
0.5136289 0.6732628
0.5814709 -0.3173499
0.6283961 -0.3622218
0.6569918 0.1881205
-0.6043432 -0.6839207
0.6827751 -0.2995100
-0.9215975 -0.0051853
-0.7959662 0.4735847
-0.7192065 -0.5998651
0.9107496 0.0708019
0.1027759 -0.6895822
0.1295006 -0.5322559
-0.4466436 0.5474983
-0.8522349 -0.3724360
-0.4826063 0.7731287
0.1534528 -0.8601491
-0.5545559 -0.1502354
0.6142091 -0.1813533
0.7450732 0.4873315
-0.4204603 -0.6424700
0.3251334 0.3053752
-0.8455506 0.0779102
-0.1405802 0.2002965
0.6714438 -0.6120985
0.9214620 -0.4093111
-0.2578849 0.1472739
-0.7144405 0.4915206
-0.6735944 -0.5391888
0.8344782 -0.2840010
-0.1632908 -0.0041538
0.3364908 0.4284927
0.2670182 0.4967127
0.6928253 0.1637295
0.1183957 -0.6448278
