-0.2595423 0.5307311
0.0149176 0.0594742
0.7297731 0.7745490
-0.8934923 0.7757626
-0.8503940 0.8731231
0.2425693 -0.3334990
0.7885625 0.9541454
-0.1720141 0.6074279
-0.4169754 -0.4461192
0.4058823 0.6049010
-0.7332460 -0.4661579
0.5520660 0.1771772
0.3961664 0.5431979
-0.8676805 0.1482047
-0.3251190 0.8938675
-0.4513062 0.3500877
0.7315622 0.1516680
0.8759450 -0.9818881
0.9030572 0.7088187
-0.9077798 -0.8542399
-0.6216661 -0.6060828
0.2273015 0.3212598
0.3954809 0.6464112
0.0881733 0.4582508
0.7688461 -0.1890626
0.7300324 0.7756312
0.4410831 -0.9759384
0.9307430 -0.7580587
0.6520682 0.1869316
0.0144910 -0.6747359
-0.4721722 -0.0856764
-0.5764816 -0.8217284
-0.6847418 0.3414987
0.5749580 0.3139727
0.9813596 -0.6719506
0.7482422 0.5306551
0.2355478 -0.7855819
0.8985071 0.7523471
0.5319569 -0.6149261
0.6912055 0.5560230
0.0702199 0.8051033
-0.7074749 -0.6910144
-0.4603910 -0.8471743
-0.7069467 -0.0582488
-0.9686921 0.0414259
0.4543281 -0.6004859
0.9988839 -0.4169658
-0.0267079 -0.1353000
-0.4108011 -0.4074655
-0.6334612 0.4889812
0.4873628 -0.2224516
-0.2314336 -0.1880590
-0.1481909 -0.4696746
0.0958990 -0.1416719
0.2752478 0.8198714
0.7956934 0.5438460
-0.8956908 -0.1927434
-0.2676497 -0.2052211
0.7720817 -0.4826334
-0.2302635 0.9704174
-0.9065335 0.8414960
0.7241638 0.8548909
-0.3705098 0.2554312
-0.6266637 -0.0625094
0.5874626 0.1757603
0.0164362 0.2865910
-0.0013918 0.8912198
-0.8597662 -0.5978959
0.5120435 -0.3297588
-0.5318580 -0.7122843
-0.2018408 -0.8456815
-0.3751323 0.5599141
-0.8795187 -0.7363042
0.9920008 0.6396605
-0.4829993 -0.2340838
0.5858007 0.7250591
0.3627062 0.6046029
0.2285286 -0.7769351
-0.2630714 0.5534294
-0.8416242 -0.3367117
0.7382497 0.5245017
-0.4891773 -0.4005798
0.5674201 0.8974319
0.6741805 0.3215815
0.0199598 0.1810086
-0.8813749 -0.6974065
0.7976780 -0.8030609
-0.0457704 -0.0494636
-0.1065779 -0.0145133
-0.2422833 0.9311174
-0.8242127 0.7105377
-0.2271079 0.4028046
-0.6719628 0.1619214
-0.8792838 0.9568961
-0.0111990 -0.7756472
-0.3532653 -0.6839828
0.1557478 0.1249096
-0.4247139 -0.2468591
-0.9169294 -0.6197213
-0.7606366 0.3778291
0.4398763 -0.9767202
-0.9926329 0.3184331
0.9481389 -0.2865521
-0.4679467 0.4841627
0.7355715 0.4131327
-0.2599099 0.9632910
0.3500060 -0.2596684
0.8106078 -0.3278541
-0.8893785 0.6799795
-0.1228945 -0.8721367
0.5934754 -0.5256460
-0.7497048 0.5772961
0.6414519 0.6357188
0.7781321 -0.8879561
-0.0130876 0.9049174
-0.9939562 0.0970368
-0.7626571 -0.2020495
0.1765935 -0.9454334
0.2298101 -0.9657002
0.3449567 -0.7675468
0.5950162 0.1350057
-0.0181634 0.7528661
-0.4947212 0.4568999
-0.2698268 0.0429046
-0.1385145 0.0119519
-0.7705326 0.6877355
0.4701467 0.7505882
-0.1429165 -0.1856503
-0.6050379 0.9599627
-0.1649119 0.0655778
-0.2709634 -0.3026825
0.8519560 0.6649230
-0.7768970 -0.3714392
0.1384014 -0.5836336
-0.5560140 0.1796357
-0.7914088 0.6701627
0.9860041 -0.6345033
0.2753405 -0.6554281
-0.5607655 0.9615459
0.0910085 -0.2000766
-0.7102467 0.5804256
0.3026408 0.4833950
-0.7794262 0.0019820
0.1140042 0.6658297
-0.9675768 -0.9305506
-0.3767099 0.7221860
0.5689891 -0.8626203
0.1930393 -0.0852643
0.8714207 0.7234167
0.9997556 -0.1886803
0.5088563 0.6008465
-0.5123771 0.0559340
0.9154666 0.7508127
0.8481570 -0.3356489
-0.6455575 -0.6661082
0.1397779 -0.6776257
0.2738927 0.3501813
-0.2057812 0.9838084
-0.9022255 0.4404391
-0.9941837 -0.3195865
-0.0579269 -0.9947309
-0.3887463 0.2546037
-0.9915875 0.3707250
0.5037247 -0.6680114
0.2264692 0.2458051
-0.3164851 0.9700294
-0.0881373 0.5751732
-0.9239632 0.4028505
-0.3138209 -0.9218997
0.8494351 -0.3146703
-0.3174243 -0.7320245
0.0681096 -0.0916186
-0.2395288 0.0871932
-0.0448866 0.3243112
0.7953442 0.9094022
-0.0345364 -0.5197909
-0.6047919 -0.6444972
0.8120817 0.6052214
0.5465340 0.8658150
0.9068601 -0.7301489
-0.2615455 -0.6478048
-0.8404119 -0.6944512
0.5870381 -0.0197571
-0.2632703 -0.6111129
-0.9981510 -0.3238647
-0.6641534 -0.9269654
0.5104947 0.3696568
-0.3231574 0.1165313
0.5765875 -0.9403483
0.0487189 -0.5292624
0.6752176 -0.3767976
0.4791968 0.0535066
-0.6764867 -0.8123619
0.5226031 -0.7672640
-0.1422549 -0.0222297
-0.7582659 0.0067431
0.7416979 0.9409507
-0.5341246 -0.9404957
-0.4526644 0.8709101
-0.3183487 -0.4806138
0.4977905 -0.2174674
0.4148387 0.0746118
-0.3953920 0.7907208
-0.4988124 0.9409577
0.0059174 0.4795492
-0.1174515 -0.7951760
0.4042133 -0.1705740
0.4159530 -0.1711870
0.5071671 -0.0787752
0.9091764 -0.8536533
-0.1964130 0.9680784
0.2438954 -0.6890657
-0.8204196 -0.9168894
-0.9640109 -0.8020657
0.2313237 -0.1934676
0.4559209 0.7094078
-0.8638461 0.4743871
0.0941726 0.6942562
0.8184555 -0.7131135
-0.9747148 -0.7337746
-0.7914562 -0.0804856
0.9325380 0.3019466
0.0889389 0.1250841
-0.9881370 -0.2750816
-0.0345148 0.9146911
-0.4902226 -0.1856238
0.8449148 0.7019960
0.7483183 0.6089526
-0.8619229 0.6589302
0.5977144 0.2206169
-0.9900771 -0.5095776
-0.3400753 0.8612401
-0.5024700 0.0141661
-0.0182662 0.9551462
0.6629362 0.1184949
0.4000856 0.5134968
0.6798920 -0.1936503
-0.4200042 -0.7287244
-0.2126235 -0.8109660
-0.1629146 0.4559003
-0.9140209 -0.1693068
0.6740626 -0.0130373
0.4957422 -0.5850152
0.4258003 0.5441525
-0.7784370 -0.0317747
-0.8940800 -0.0490955
-0.1661193 -0.3997298
-0.4565047 -0.1518584
0.3206473 0.2759441
0.8871318 -0.7859647
0.2514582 0.5686521
0.1899075 0.8545053
-0.9205627 0.5814742
-0.6370078 0.7892680
0.7875220 -0.0869719
0.2046408 -0.5861382
0.6911411 -0.6205788
0.8867842 0.0248063
0.6292106 -0.1766571
-0.0196976 -0.4504426
-0.7633070 0.5164708
-0.3887135 -0.6908536
-0.8312924 -0.9600636
0.6921740 -0.2497444
-0.7332464 0.2203389
0.0890989 0.6553803
-0.5615675 -0.6298061
0.2960317 -0.8138736
-0.0953206 0.4995783
0.0945396 0.2688904
-0.4390214 0.2526141
-0.4848751 -0.8656037
-0.4678037 -0.9548659
-0.3703826 0.0662716
0.7470378 0.4934602
0.1610311 -0.8875578
0.7353062 0.8189003
-0.3155456 -0.1608624
0.8313866 -0.1215222
0.2945027 0.6083487
-0.0202237 0.8850306
-0.3405662 -0.9762930
0.4403416 -0.4472649
-0.0564483 0.3918222
-0.9164445 0.6530874
-0.8666333 0.8499071
-0.6005105 0.9868769
0.0136414 0.5101122
0.5467152 0.1624979
0.6531571 0.5047761
-0.7219248 0.1090729
-0.1490554 -0.7980212
0.5400623 -0.5316975
-0.8222281 -0.6714613
0.7788592 0.8161027
-0.2687321 0.0657025
-0.3991530 0.3873412
-0.9365391 0.5982395
-0.5286486 0.6010206
0.2167204 0.9099335
-0.0380220 -0.9984344
0.2117154 0.1155123
-0.2554448 0.5085251
0.7914369 0.7027852
0.9969112 -0.2915098
-0.3131359 -0.1894565
-0.7083086 0.2788406
0.3809760 -0.7111792
0.4540184 0.8545271
0.9942824 -0.0926500
-0.1757266 0.0001885
0.8140190 0.3974672
-0.6971625 0.4478848
0.0123655 -0.1157711
-0.9070473 0.9434723
-0.5955802 0.2690713
-0.2706911 -0.6261034
-0.7725209 0.0388961
-0.4024542 -0.3100108
0.2815276 0.6841403
-0.9682517 -0.6217906
-0.0596388 -0.7307958
0.6387165 0.6904800
0.8539858 0.0071105
0.0386582 -0.2390771
0.4829275 -0.1647191
-0.6653872 -0.0289238
-0.6095174 0.2922866
-0.3084397 0.7230973
-0.8158678 0.0445437
0.2677866 -0.5204452
-0.6478932 0.2489234
0.8472742 0.5358175
-0.9800047 0.8972676
0.3369973 -0.0714406
0.5765867 -0.6329873
-0.6985531 -0.9576460
-0.8908204 -0.8587850
-0.9789054 0.1316497
0.7998101 0.3411419
-0.5061748 -0.5438939
0.2296823 0.8221531
0.1430026 0.7511082
-0.5236686 0.0781957
-0.0528056 -0.2435685
0.9875749 -0.4330640
0.6950920 0.8023004
0.3506869 0.1539474
-0.7831439 -0.7970387
-0.6348950 -0.3454635
0.4470922 -0.3153983
0.8983273 -0.7136491
0.3530214 0.5538784
0.7575235 0.1918877
0.8484793 -0.4436453
0.9351094 0.7774608
-0.3419278 0.7266142
0.1598375 0.7197594
-0.1946421 0.5304145
-0.1843131 0.0128804
0.0898084 0.5335417
-0.7187234 -0.4320861
0.2863960 -0.8925427
-0.2304410 -0.0211057
-0.7713306 0.0989374
-0.3549806 -0.3190604
0.8029434 -0.2129964
-0.1302804 0.3909997
-0.3620965 -0.0246143
-0.9073885 0.4187757
0.2594667 -0.5093859
0.1619089 0.1681862
0.6523955 -0.5761072
0.7411765 -0.2799320
0.0767235 0.5604487
0.5030529 -0.6793885
-0.0638617 0.6602959
0.3409296 -0.0753581
-0.2133510 0.9186280
0.2356595 0.1731821
-0.5028805 -0.3866812
0.3108581 0.3991509
0.7224746 0.5119166
0.7485888 0.2175368
-0.1732730 -0.6401676
-0.3237098 -0.4523374
-0.8470575 0.6028858
-0.8800720 -0.4932240
0.3584851 -0.2712318
0.3768680 0.7352514
0.6260002 -0.2054181
0.7645345 -0.5978090
-0.8886226 0.2977744
-0.4832146 -0.3291756
-0.2396141 -0.7793363
-0.6541764 -0.1572889
0.2666976 -0.7537524
0.1842847 -0.0902955
0.2821388 -0.9384537
0.1377293 -0.8076166
-0.6549367 -0.0354739
0.5380444 0.2064912
0.0325941 0.6546462
0.6762319 -0.7764603
-0.3939816 -0.2626435
-0.6431714 0.0644549
-0.8247232 0.1865865
0.2261930 0.9884653
-0.6670922 -0.3454868
-0.1269918 0.9981347
0.6390335 0.9901512
-0.6442923 0.9313555
-0.2148832 0.2143919
0.8630596 -0.7265121
0.2635396 -0.1217776
-0.8099907 -0.7455955
-0.1118736 0.4870101
-0.6610965 -0.0028892
0.0851407 -0.6629938
0.0638857 0.4137464
-0.3834831 -0.9069204
0.8653959 0.1738587
-0.6514617 -0.2195460
0.5227746 0.5018994
-0.4606228 0.3594797
-0.9831076 0.7683140
0.4620764 -0.5678697
-0.3735723 0.7011910
0.9540392 -0.8681525
0.9570606 -0.7767580
0.0943537 0.8940891
0.4574767 0.7118405
0.1948862 -0.3284116
0.8889861 -0.5389795
0.0678323 0.5254120
0.8341404 -0.7760583
0.4817997 -0.8292894
0.5100176 0.1380896
-0.8065371 0.3536514
-0.6889855 -0.1844073
0.2865019 0.6281347
-0.7608586 0.3390192
-0.7141592 -0.5344973
0.5792638 0.3485762
0.6364925 -0.3947752
0.5279829 -0.3197591
0.3254470 0.2244110
0.8476589 0.4054013
-0.8935945 0.1053621
0.8120829 0.2998457
-0.1581506 -0.4654685
0.6829180 0.7429260
0.5862880 -0.6976478
-0.6054574 -0.5903978
-0.0252601 -0.3193822
-0.9862503 0.7399060
0.8530558 0.4843256
-0.0190563 0.8182964
0.8694827 -0.6843468
-0.8980297 0.0026852
0.3478456 0.5352600
0.0021851 -0.3724760
-0.0510756 0.8244842
0.4872521 -0.6684886
-0.0151446 0.1701855
0.3917331 0.1788102
-0.7484304 -0.5288936
0.9239804 0.3352153
0.2989040 0.2660301
-0.0337854 0.7338452
0.9349055 -0.5458954
-0.5429115 0.6962400
0.1218995 -0.2091196
0.8794525 -0.1594219
0.2109655 0.5659760
0.8797441 -0.2901683
0.0438912 -0.3455450
-0.8038841 0.4329944
-0.4322482 -0.0306819
0.0310615 -0.5239177
0.1256829 -0.8256614
-0.9810914 0.7892339
0.0981081 -0.5207494
0.9073890 0.2561840
0.0446478 -0.9017476
-0.5320970 -0.0348745
0.9848542 -0.5229754
0.8622005 -0.8352842
-0.6389806 -0.9218402
0.2683192 -0.4254058
-0.7905615 -0.6388530
-0.8620994 0.9564249
0.2874950 0.0153204
-0.8155540 -0.0713720
-0.3852004 0.3513612
-0.7488305 0.9716773
-0.1615176 -0.4001947
-0.9676053 0.0265196
-0.9428828 -0.1627628
0.8379517 0.7168297
