0.8514942 0.8000249
0.5394287 -0.0125394
0.8708852 0.4554668
-0.2848200 0.0425902
-0.5464203 0.3012552
0.7715042 -0.7043776
-0.9899658 -0.0690053
-0.9220863 0.6362962
0.6847724 -0.2790230
0.2552351 0.1639663
0.0949010 0.6033854
0.7865915 0.8172318
0.4425254 0.6908569
-0.4388239 -0.4823338
0.6549457 0.3713167
0.3298323 -0.1121521
-0.2363635 0.7547234
0.9351340 -0.2420780
0.2938269 0.5654067
-0.1410207 0.6146013
-0.5283945 0.8068863
-0.7699650 0.7370395
0.3315657 0.2778185
-0.8382326 0.4380604
0.7434160 0.9477856
0.6003818 -0.7866500
-0.4370163 0.8604869
0.3856358 0.6036470
-0.2439753 0.0095315
0.0288408 -0.6189317
0.6157848 -0.4172979
0.2821803 0.3710471
-0.8706740 -0.5215847
0.0313952 0.8648544
0.1130748 -0.1273235
0.1075791 0.2684830
0.3027612 0.2114604
0.8318425 0.7838991
0.1808900 -0.9825884
-0.9398024 0.5943628
-0.1107736 -0.8961531
0.0448516 -0.9808135
0.7902288 0.0999487
0.1018181 0.1436413
-0.2903122 -0.2757040
0.5439809 0.8296857
0.3489963 -0.5221641
-0.2158584 -0.0113178
-0.7801965 0.1071244
0.6207981 -0.4728708
0.3298532 -0.0072101
0.8867744 -0.9628376
-0.7329451 0.8009175
-0.0757572 -0.0833740
-0.0117012 0.7729202
-0.9455202 0.6133895
-0.5979254 -0.3036806
-0.5263420 -0.9490625
-0.3896547 -0.5290408
0.4353539 -0.8091707
-0.5031426 -0.7993733
0.6953491 0.6959911
-0.8136779 0.6797453
0.9050579 -0.4364850
0.0004673 0.7927267
0.6363826 -0.0767053
-0.9386823 0.9548298
-0.2313980 0.8580837
-0.8519428 0.5208559
0.2486527 0.6560426
-0.3865674 0.6127331
-0.1768316 -0.2139626
0.3300425 -0.1646091
0.4086759 0.0468624
0.8326948 0.9998791
0.9956604 0.6152472
0.4047061 -0.4904502
-0.2324002 0.9809155
0.6585327 0.1177079
0.6720193 0.1957605
-0.6626874 0.6016851
0.3900375 0.5349107
-0.8249094 -0.8523645
0.0688129 -0.0118923
-0.8745401 -0.6981130
0.4049322 0.7738831
-0.0585799 0.3266734
-0.6504094 0.7517724
0.0224301 0.7492543
-0.6053876 0.2553914
0.4784750 0.3110704
0.0487780 -0.6556650
0.0700732 0.2933095
0.0795608 -0.1731707
0.8312324 -0.1078064
0.2150860 -0.5967896
0.5418642 -0.6497311
0.8875882 -0.3887284
-0.5015095 0.1407275
0.4164203 0.6692656
0.4019284 0.6187956
-0.7984522 0.3546648
-0.7389394 -0.9720514
0.8428468 -0.5647972
-0.0652978 -0.4335960
-0.7103778 0.2790493
-0.6661929 -0.7011584
-0.7677729 -0.2061303
0.0820186 -0.3899294
0.0835674 -0.5480470
0.4309701 -0.1958157
-0.7085154 -0.8355018
0.4851699 -0.4012561
-0.4353752 0.1383466
0.9114589 -0.8934429
-0.8601699 0.3870647
0.0939723 0.9699049
-0.3138773 -0.8627587
0.0916003 -0.5641333
0.3917981 0.8865178
-0.7851498 0.7467027
0.9774429 0.5809404
-0.8961347 -0.5388767
0.4521457 0.5061988
0.9069989 -0.4182786
-0.9470939 0.3339940
0.9170155 -0.4124819
-0.7941838 -0.1684183
-0.2231455 0.7060437
-0.8601184 0.0119859
-0.3701625 0.0800075
0.7422238 0.4591452
0.9559590 -0.9703286
0.3007201 0.0186145
0.3150920 -0.3930082
0.7518291 -0.3227712
0.8444802 -0.2939742
0.8609746 -0.1536196
-0.2762975 -0.7980178
-0.8949552 -0.7255311
-0.9367529 0.7491124
-0.8913718 -0.5056899
0.9814252 -0.4153001
-0.4784212 -0.7275703
-0.6816084 0.3995375
-0.0963094 0.7506941
0.1357595 -0.0736891
0.1067985 -0.9651144
-0.5508041 -0.6811745
-0.4414038 0.2019746
0.2589153 -0.9649268
0.6456142 0.1977571
0.5790176 -0.5930364
0.9914934 -0.7327716
0.9170269 -0.1997605
0.5143054 -0.2067050
-0.1909096 -0.5668940
-0.6224828 0.5953556
-0.1519067 -0.2996287
-0.3545874 -0.0355791
-0.3016338 0.7614111
0.4562506 -0.1517455
-0.7571021 0.5305301
0.5682452 0.4101700
-0.9799038 0.9710652
-0.4571556 -0.6091885
0.9127967 0.7547917
-0.4546516 0.3066916
-0.3993950 -0.4160827
-0.8012566 0.6943939
0.9761787 -0.6919902
0.8834231 0.1329989
0.9259355 -0.9839357
-0.6375328 0.0241231
-0.0840512 0.5912876
0.6096440 -0.9460037
0.1326565 0.7286847
-0.6088947 0.3396298
0.7057924 -0.7682682
0.2335752 0.6161291
-0.5163576 0.1378930
-0.4766034 0.6483172
-0.8218987 -0.3077431
0.4182137 0.6409123
-0.5152309 -0.2877661
-0.5339113 0.3432045
-0.3208109 -0.7074226
0.1268267 0.3879598
-0.8489539 0.2178081
-0.3588663 0.9931461
0.0974353 -0.7824765
0.0557341 0.9364989
0.6302376 0.0501184
-0.2752435 0.4776082
-0.5730030 0.2886085
-0.8014325 0.3163853
-0.3327510 0.5225976
-0.2423695 -0.5283295
0.8985885 0.5483153
-0.5309513 0.0341574
0.3734054 -0.9926848
-0.7573891 0.1681487
-0.9300646 0.6318115
-0.2727181 -0.8339448
-0.0252943 0.0014188
-0.2209265 0.4491623
-0.4026874 -0.8218398
-0.7557773 -0.2882329
0.9585430 -0.8162237
-0.2882678 0.4513078
0.9842613 0.4349445
0.9824364 -0.4175032
-0.5242985 -0.4505233
-0.0755412 0.6696406
-0.7933751 0.4361303
0.2842931 -0.6034527
0.5661175 0.2758920
-0.4339921 -0.1932694
0.3437478 -0.4422490
-0.6666933 0.3720329
0.1326378 -0.6749346
0.6588893 0.1470686
-0.2262918 -0.4957686
-0.5623614 0.5485661
-0.7385871 0.8278027
0.6378189 0.6611762
0.7632717 -0.2249207
-0.1616443 -0.5552263
-0.4074127 0.5387003
0.5146746 0.6263144
0.5238956 0.2265178
0.3095124 -0.7160228
0.3176693 0.7855364
0.9207393 -0.3071471
0.0619223 -0.6156003
0.7105950 0.6068501
-0.5080202 -0.8149082
-0.0995283 -0.7735163
-0.4628673 -0.3679128
-0.4129266 0.6125905
0.3624365 0.1289331
0.7978961 0.9826877
-0.8879925 0.6269729
0.9667668 0.3756854
0.0115164 -0.0088378
0.7467976 -0.2095418
0.7586479 -0.6969191
-0.7663513 -0.4042031
0.9264699 -0.3422875
0.2008097 -0.8305663
0.1064701 0.4743007
0.3573850 -0.4510091
-0.0256285 0.8769759
0.0040716 -0.9547386
-0.0620419 -0.2656083
0.0982776 -0.7333213
-0.5352024 0.5116325
0.0800100 -0.0414082
0.8935496 0.8602047
0.4693434 -0.0034005
-0.2113177 -0.9147644
-0.2504362 0.3329944
-0.6367656 -0.4504791
0.9154787 -0.2593191
-0.8113390 0.6175295
0.1222295 0.0088952
0.2510109 0.3086079
0.0654876 -0.8759567
-0.0324290 -0.6938514
-0.6318553 -0.9314662
0.5953153 0.0617088
-0.3560827 -0.7446016
-0.4658550 0.8323489
-0.0843049 0.7891189
-0.0698728 0.9525951
-0.8203151 0.2618655
0.9777899 -0.2768325
0.9107863 -0.5280138
-0.3152504 0.1292331
-0.8796672 0.7915656
0.9285297 -0.6933258
0.8041982 -0.9921797
0.6845916 -0.8355193
-0.9768190 0.2819174
-0.1042372 0.1894708
0.4080974 -0.6463408
0.2654229 0.7260115
-0.1708908 0.6217981
-0.8903202 -0.7802980
-0.7697124 -0.6507991
0.5637569 -0.9555547
0.7170627 -0.0499215
0.5893926 0.0230103
0.0839866 -0.8955997
0.3666883 -0.6523159
-0.6889031 0.6864995
-0.2449897 0.8703381
0.1651989 0.0123888
-0.7081755 -0.0957682
-0.7093857 -0.6285257
0.8728834 -0.5506439
0.3909751 -0.1106318
0.4163030 0.8238873
0.0292840 0.9101694
0.9454816 -0.3240756
-0.5004831 -0.8227506
-0.4777457 0.5016740
0.5752286 -0.0306369
-0.0155170 0.5294631
-0.5280927 -0.8166342
0.8970985 -0.8037071
0.5355935 -0.4741093
0.0046298 0.8391833
0.6252832 0.6262028
-0.9323187 0.0270444
-0.4920681 -0.4788184
0.9508300 0.9896252
-0.0552858 -0.5901556
-0.4225086 0.8095103
0.8170740 -0.3384157
-0.5207057 0.2679038
0.8867302 -0.7437715
-0.7835664 0.6474502
0.6723456 0.6175824
0.2418877 0.5484720
-0.4445347 -0.8390794
0.5668985 0.5412339
-0.1170653 -0.8411856
0.5539152 0.2840167
-0.8460266 -0.3104954
-0.8155562 0.2692494
0.4281099 -0.4303132
-0.2151047 0.5112703
0.8211143 0.5528455
-0.6796847 0.0675364
-0.3751510 0.7274606
-0.6706575 -0.5310718
-0.1938452 0.7624807
0.0417768 0.8517910
0.3032059 -0.2855599
-0.9935127 -0.1580769
-0.0885725 0.8793195
-0.0317390 -0.7250304
-0.7847252 -0.4307518
0.5908279 -0.0397473
0.8505661 0.5474530
0.9126897 0.2150202
-0.3791549 0.6326822
-0.8043356 0.9531619
-0.9403059 0.3502600
0.2422060 0.6342049
0.6932536 0.0573470
-0.8860777 -0.3343963
-0.1976835 -0.7902863
-0.0042090 -0.1198546
-0.7938768 -0.4714798
-0.4560104 0.0913852
-0.5039665 -0.3513231
-0.8843993 0.9600062
0.4757641 0.1754690
0.1371684 0.9631989
0.8835392 -0.5452345
0.0483702 0.5045042
-0.4846839 0.1148735
0.2315333 0.3835664
0.7365489 0.1650383
-0.7016360 -0.0050706
-0.6322363 0.5779629
0.4768461 0.9691465
0.0618954 -0.4242525
0.6683803 -0.4922004
-0.1110871 -0.9135159
-0.0829999 -0.7438733
0.0786570 0.8382398
0.2858526 -0.4746376
0.1196475 0.5748704
-0.8058952 0.7639718
-0.2059473 0.0192717
-0.0063103 0.6819417
0.2535106 0.3060759
-0.9184016 0.2703255
0.5928910 0.1508353
-0.0520511 -0.0262912
0.0148985 0.6035373
-0.2128921 -0.7383913
0.7857570 -0.0235009
-0.6711561 0.9498181
0.1367909 -0.5161239
-0.9786386 -0.4510852
0.0969686 -0.3636571
-0.6700514 -0.5434910
0.8528617 0.9575125
0.0449659 0.8969670
-0.5439040 -0.3683806
-0.5576353 -0.0137136
-0.3410108 0.0692127
0.3834099 -0.2202471
0.5039729 0.0476964
0.8056666 -0.4742209
-0.3511619 0.5467181
0.3469480 -0.5069245
-0.2828640 -0.6023626
-0.3721935 0.8249660
0.7860305 -0.8674999
0.4241289 0.4118394
-0.5458963 0.6871881
0.5619128 -0.9962811
0.2139668 -0.1323424
0.5580716 -0.3423973
-0.2899370 0.3643386
-0.9398040 0.1825459
-0.0566148 0.6722704
0.6405440 -0.5922357
-0.8798945 0.4467695
-0.6401927 -0.1864164
-0.2372991 0.9302672
0.9134017 0.6486777
0.1948188 0.9516684
-0.4463443 0.0876535
0.4997715 -0.5647038
0.0843097 0.6649567
-0.5623509 -0.7943846
-0.5086532 0.0806994
-0.8733182 -0.7884346
-0.2220678 -0.8542981
0.0774705 0.6929785
-0.0194598 -0.6961200
-0.0880196 -0.1334496
-0.5099743 -0.1249463
-0.2084322 0.0586228
0.0322913 -0.1245527
-0.4782103 -0.5977871
-0.3351408 -0.8176438
0.1650997 -0.3453866
0.0990210 0.2866753
-0.9791471 -0.2348347
0.9551324 0.0857189
-0.2007815 0.6075146
0.8084775 -0.4061285
0.5051622 0.0553703
-0.4772134 0.9930123
0.9633201 -0.3161622
0.8942054 0.5229653
0.3580637 0.3821293
-0.2800836 0.6405710
-0.2690873 0.2144456
-0.0144402 -0.2594646
0.1400876 0.8493750
-0.4003020 0.8703130
0.2396537 -0.4176211
0.5351128 -0.1152571
-0.6591806 0.8506068
-0.3381222 -0.1827884
-0.8538367 0.0678998
-0.3626059 0.1712454
-0.4779325 -0.9096084
0.3228314 0.0111271
-0.5288098 -0.7033389
-0.2592696 0.0692486
-0.3244082 0.3772843
0.0669515 0.7388810
0.1775051 0.5079161
0.8400169 -0.1151337
0.3154179 -0.3206042
0.6871377 0.5715723
-0.1602800 -0.2955379
-0.7943470 0.1382318
0.7152939 -0.9370720
0.1650302 -0.7532591
-0.9355630 -0.7750430
0.2224331 0.6348983
-0.2266692 0.2258907
0.3689524 -0.6951175
-0.4673577 0.6949683
0.3932653 0.3323770
0.6926003 -0.0044652
-0.9696312 -0.9953534
-0.5824794 -0.8613059
-0.4380104 0.0811099
0.9686609 0.0814682
0.4307284 -0.5527969
0.6420595 -0.4899984
0.7949768 0.5611613
0.4469513 0.5065896
-0.5181493 -0.6412215
-0.3366421 -0.2366031
0.6788065 -0.7728754
0.5764458 -0.4679854
-0.7297924 0.6104196
-0.9875329 -0.8747641
0.3231373 -0.2456689
-0.9755899 0.1521816
-0.2999147 -0.7162300
-0.6566459 -0.0855175
-0.8594648 0.5206474
-0.6043867 0.4620563
-0.5644933 0.8993003
0.8974754 0.1626047
-0.0285513 0.0832084
0.6241428 0.9579440
