0.1644685 -0.8193359
-0.3253176 0.6589553
-0.9699301 0.4384886
0.5429837 0.5975512
-0.7936431 -0.5886074
0.1073405 -0.4833308
-0.0499127 -0.8460325
-0.2871438 0.4118582
-0.5445002 -0.4088658
-0.4406997 -0.7536429
0.0472328 0.3001739
0.2345700 -0.5537986
-0.0016673 -0.5448381
0.3998475 0.7759025
-0.2633071 0.0852125
0.5371003 -0.3500448
0.2533250 -0.7156725
-0.5850734 0.7743215
-0.2865424 -0.9028928
0.7004882 -0.1953431
-0.8224685 -0.9065613
0.3198791 0.2952795
0.0765004 -0.8323565
0.5893343 -0.2229356
-0.4479141 0.7317198
-0.9972126 0.1810524
0.1755883 -0.1113333
-0.7587550 0.0674816
-0.4389922 -0.9376824
-0.7339320 -0.2732081
0.5030674 0.1316760
-0.7204174 0.0199711
-0.8781328 -0.6617974
0.1986456 0.5710912
-0.4707696 0.6099773
0.3086128 0.5767589
0.6814983 0.2942103
0.0729349 0.1301848
0.9450186 -0.1788888
0.4707022 0.7766424
-0.5571171 0.5994472
-0.1060970 0.7656596
-0.2716335 0.3435068
-0.7736159 0.7548345
0.9409000 -0.8323147
-0.5743257 0.0632429
-0.5294703 0.2492717
-0.2543794 0.6642311
0.2762942 -0.0562462
-0.6195215 -0.3344838
0.0646040 -0.3127477
-0.4804417 -0.9582853
-0.1091190 0.6984612
0.3630277 0.1339879
-0.6225859 0.9455887
-0.8317003 -0.0635589
0.6376681 0.1624771
0.1766331 0.5909319
-0.6410908 0.1325815
-0.1642120 -0.5922745
-0.0914852 0.4107824
0.0281318 0.6739593
0.1160962 -0.5602318
0.2341177 0.5911703
0.9140162 -0.0681176
0.4391624 0.4899353
-0.9439194 0.7155882
0.1931145 -0.9929904
-0.8821895 -0.8722751
-0.8738086 -0.2744248
-0.0693532 -0.5097053
-0.0217732 0.6248007
-0.1196321 0.3643682
-0.3765107 -0.8942099
-0.6268563 -0.9040558
-0.1653744 0.4396600
0.9174456 0.0505670
0.2264206 -0.8186052
0.6561401 0.7714377
0.0074270 -0.1861997
0.2088105 -0.3077590
-0.9231243 0.3676111
0.5842744 -0.7553315
0.6429675 0.8990849
0.9391274 -0.8835151
-0.0075276 -0.8073458
-0.7564536 0.0193669
0.0373257 0.1317938
0.7633664 0.6617333
0.9966542 -0.1120527
-0.4917337 -0.9096501
0.7199253 0.3464206
-0.0605615 -0.7807607
-0.9516688 -0.6153982
-0.2822063 0.9689323
0.6096620 0.2012980
0.5162650 0.3537680
0.5303647 0.1931624
-0.6968482 -0.1780950
0.2032921 0.4892625
-0.7233249 -0.2293565
-0.5710237 0.2077646
-0.8050330 -0.4306913
-0.0164558 -0.6752026
0.4291578 0.5398456
0.5419907 0.2975908
-0.9533490 0.9770701
-0.3804420 -0.3018706
-0.2447385 -0.2376366
0.6474098 0.4699465
0.5387854 -0.0036224
-0.4318224 -0.5036780
0.9535812 -0.2596357
0.0988526 -0.5808678
-0.6610981 -0.9768298
-0.8935974 -0.6770921
-0.6096474 0.2724589
0.6893907 0.9314124
0.3773168 0.1611742
-0.7339627 -0.7494694
-0.3768537 0.5227923
-0.6922270 0.5891345
0.4568068 -0.3722571
0.2573169 -0.5142520
0.6109591 0.0305890
-0.7913071 -0.3267218
-0.0032932 -0.1259931
0.4074504 -0.3818127
0.6410874 -0.3092437
0.7165521 0.5199984
0.8032641 -0.9244053
0.3359724 0.3943563
0.0666951 -0.5166292
-0.1454037 -0.8304820
0.6333234 -0.0499826
0.9657945 0.6928148
-0.2882401 0.9589133
0.2068274 0.4022583
-0.9372266 -0.6031265
0.5116048 0.6092521
-0.2238415 0.8505485
-0.2882284 -0.0329370
-0.3491660 -0.5504203
-0.1207151 -0.4920401
-0.5865161 0.2871783
0.8216102 -0.7313949
0.7108769 0.1176543
-0.1528000 0.8696963
-0.5698479 0.9445076
-0.4244171 0.2546441
-0.8232791 -0.6295948
0.5520401 -0.2505202
-0.6485195 0.8888601
0.9119138 -0.8363912
-0.2095320 0.9276147
-0.8822567 0.7601725
-0.0257422 -0.3100320
-0.3569032 -0.3602190
-0.8753034 0.0174130
0.8437655 -0.4415672
0.3576452 -0.2317093
0.8440696 -0.6670527
0.7098519 -0.2733700
0.4864146 -0.4467409
0.8850941 -0.3708520
-0.1657392 0.9098661
0.5645222 -0.0445717
0.9623696 0.9255046
-0.6065896 -0.4350686
0.4439768 0.6772430
0.5722758 -0.4634411
-0.4595759 -0.7211824
0.2946844 0.6272826
-0.2850241 0.6666826
0.0755265 -0.3991424
-0.0009887 -0.0658896
-0.3932055 -0.8874325
0.3271176 -0.6463247
-0.1510232 0.8890600
0.7091358 0.3358078
0.1874209 -0.8913433
-0.7616389 -0.3182708
-0.9459167 0.4805244
0.6022860 -0.9669806
-0.6087212 0.0327045
0.5674016 -0.3514852
-0.4964380 0.5023258
0.5278976 -0.4396292
0.2648788 0.9847155
0.9936126 -0.3276008
-0.1112200 0.8523110
-0.4849740 0.5290682
0.8611806 -0.3587650
-0.1327207 -0.3631429
0.6032802 -0.4427158
0.7230773 -0.2126538
-0.4724254 0.7165106
0.4654129 0.8669974
0.4774594 -0.9251900
-0.0955285 0.3652588
0.6501351 -0.8627612
-0.6731237 -0.1452709
0.0017013 0.5321416
-0.2257022 0.3613593
-0.5888268 0.6525049
-0.4514385 -0.0712804
-0.3666977 -0.7784067
0.6183323 -0.1588588
0.7155379 -0.0920613
0.6538984 -0.9900227
0.0945735 -0.7936354
-0.8860973 -0.0573110
0.9299180 0.3749756
-0.5496698 0.0820484
0.4941087 -0.4803389
0.2425290 -0.0295744
0.1697396 -0.5352231
0.0986847 0.5803508
-0.1600283 0.7114269
-0.4349879 0.7059301
0.3209361 -0.4688781
0.7203662 0.5300517
-0.3211856 0.5307049
0.9353906 -0.0351069
0.1597343 -0.7873857
-0.4721823 0.0148809
0.8305715 -0.9973199
-0.7991292 -0.7905103
0.9130504 -0.0601357
-0.1578448 0.4766885
0.4992299 0.6735212
0.5246273 0.9119089
0.1412758 -0.3575462
-0.7231484 0.0222092
-0.6280821 0.3918014
0.3615493 -0.3192221
0.4005855 0.3007838
-0.8069939 0.6907947
0.8226260 0.2902744
-0.1203562 0.4318814
-0.1711258 0.1709728
-0.5267615 0.6444711
-0.7320374 -0.5695339
0.8578560 -0.1726751
0.8084674 -0.2962185
0.3069743 0.0974800
0.1101907 -0.2618982
-0.4509984 0.0368446
-0.8186130 0.4635158
0.4050704 -0.0080177
-0.5904972 -0.2934302
-0.8165317 -0.8428653
0.2896684 -0.0311041
0.0329147 -0.4123793
0.2479144 -0.9525485
-0.3710957 -0.3522082
-0.6990331 -0.8449233
-0.5034225 0.4021590
0.0468939 -0.3248860
-0.0835364 0.1250739
-0.2764963 0.7641280
-0.1253051 0.6482294
0.2166877 0.5143364
0.8553275 0.3529108
-0.2357796 0.1943728
-0.9202637 -0.9729818
-0.6494128 -0.1865706
-0.4786726 0.3557702
0.5359785 0.7618516
-0.5684196 0.6199794
0.6105773 -0.5939638
-0.3026190 -0.2088582
0.6517817 -0.3967521
-0.0906399 -0.7946558
0.0235276 -0.3155726
0.7061194 -0.3728136
-0.6878671 -0.7964083
-0.6685061 0.4411845
0.2129770 -0.9185445
0.3080443 -0.4382164
-0.7378879 0.3493189
0.7484196 0.7596374
-0.8937674 -0.9592004
-0.0707058 0.3170059
-0.1615275 -0.7231580
0.3652800 -0.8971690
-0.0435482 -0.7775692
-0.6776952 0.6112364
-0.8326160 -0.9495798
0.2689198 -0.1635639
-0.3942465 -0.9005230
-0.2325696 0.3370042
-0.9163894 0.3764245
-0.8938286 0.1151143
-0.9212212 -0.6366570
0.1842492 -0.4365062
-0.7978886 0.0046668
0.9253742 0.0163825
0.7778511 -0.9013481
0.4059571 0.0621390
0.3774620 -0.9577594
-0.4026111 0.9693993
-0.5729818 -0.7245778
0.7670995 -0.5650581
-0.5396246 0.0747722
-0.2665991 0.6896739
-0.3433211 -0.8903846
-0.3682450 0.4642289
0.8242355 0.7771535
-0.6958648 0.7849316
0.1740679 -0.8963695
0.0857505 0.8484702
0.5935219 -0.5053093
0.9371475 -0.3942476
-0.8770638 0.3997183
0.7386643 0.9522648
-0.3182910 -0.3467746
-0.6577922 0.0456390
-0.0148861 -0.7557329
0.2653234 0.8573791
0.0305330 0.4375938
-0.5014906 -0.4201741
0.2143914 -0.6589878
-0.5135274 -0.3797146
-0.8238513 -0.4373771
0.1642183 0.7853376
-0.9956735 0.0427298
0.7701631 0.0853592
-0.0415530 -0.1053371
0.3824507 0.6714238
0.7845117 -0.5971627
0.3720553 -0.2236497
-0.8260180 0.9651894
-0.6137123 0.6989325
-0.5350932 0.5819616
-0.7144481 -0.9433484
-0.6005560 -0.7663546
0.3418748 -0.8341633
0.1425466 -0.4647342
-0.6427339 0.5411739
-0.6965604 0.6522340
-0.0040056 0.8264130
0.1821633 -0.7352687
-0.1382045 -0.0744790
0.5857905 -0.3133752
-0.0763484 -0.3925068
0.9129306 0.1097594
-0.8693186 -0.7875639
-0.7316720 -0.1785989
-0.2301400 -0.2877272
-0.2481874 -0.6897046
0.7352120 -0.5196265
-0.5924474 0.1398798
-0.6196035 0.9997228
0.3921701 -0.2411410
-0.9327167 0.5230753
-0.2423205 -0.9450801
-0.8195260 0.3040730
-0.7685752 0.8751350
0.7127015 0.1440465
0.7840363 -0.7153076
-0.8074079 -0.6934122
-0.5278051 0.7236987
-0.1236451 0.3033210
-0.3900091 -0.9084137
0.7827512 0.3838124
0.1693695 -0.4000386
0.7547854 -0.4635832
-0.6327243 0.3969955
0.5867923 0.7481164
0.5986379 0.8591501
-0.3007851 -0.0614779
0.2063272 -0.5780178
-0.9121849 -0.1770296
-0.1113342 0.1633081
-0.5105428 0.8617083
-0.7241568 0.0824971
0.1891857 0.6068003
0.4738217 -0.8929076
0.9856755 0.6444846
-0.1949082 -0.9457987
0.0513404 -0.0709073
0.7070752 -0.7647800
-0.2351585 -0.1565275
-0.3057307 -0.9945871
0.0198711 0.4376458
-0.9526892 -0.5694379
-0.0049423 0.5505221
-0.7752786 -0.2731575
-0.7852379 -0.2104268
0.3337673 -0.1103983
-0.6105596 0.7919317
0.4377537 -0.2008343
-0.7216955 -0.4765455
-0.3119565 0.9611667
0.3454155 0.1066024
-0.1648227 -0.6810958
-0.9713147 -0.0844901
-0.5129032 0.1277983
0.3418683 -0.6283664
-0.6910347 0.5698749
0.7130040 0.7117313
-0.1786039 -0.1080101
0.7231298 0.6624706
0.0836874 0.4584399
0.3532411 0.9664159
-0.2967639 -0.9941372
0.9328794 -0.0363668
0.8958481 0.6766923
0.1315933 0.4501975
-0.1837504 -0.2090042
0.3891379 -0.0401949
-0.1063031 -0.9143019
-0.6705081 0.9718806
0.3618425 0.7781515
0.8784250 -0.5572740
0.7477883 -0.1814575
0.2575034 -0.1870135
0.8676245 -0.5693927
-0.3054033 0.7003844
0.8601252 0.0173623
-0.6527792 -0.9678024
-0.7630419 0.7942667
0.8602524 -0.0536488
0.9825484 -0.8899627
-0.6337492 -0.3479720
0.1322060 -0.3226886
0.2285051 0.5794447
0.5840711 -0.9671517
-0.2458712 0.0822107
-0.0123226 -0.2047487
0.0353531 0.8996912
-0.4944680 -0.6043488
-0.4065078 -0.1223439
0.4496069 -0.6729885
0.8797213 0.9832399
-0.9208796 -0.4110421
0.7557840 -0.7276298
-0.8494379 -0.8777784
-0.3248315 -0.0964027
-0.6500931 0.7367716
-0.0513391 -0.9460617
-0.4560085 -0.7836200
0.3531007 -0.7282862
0.3948918 -0.6355616
-0.8614420 0.6100019
0.7018360 -0.9045806
-0.5478994 0.9541859
-0.4532348 0.0072407
0.5841216 0.0807723
-0.6682541 -0.8855221
0.1036737 0.3838940
0.8004941 0.4441399
0.2958702 0.3207573
-0.2390168 0.1469912
0.5131994 0.7078756
0.8225943 -0.7675971
0.2923490 -0.3159220
0.4298628 0.5316946
-0.3494532 -0.3602889
0.5229455 -0.8574596
0.1717826 -0.2188038
-0.6654698 0.9470651
-0.4599765 -0.7145269
0.6302096 0.5939409
-0.1070868 -0.7260214
0.6924620 -0.7585109
0.9719237 0.0276161
-0.4705079 -0.4772246
0.8274972 0.8203615
0.1122596 -0.1439304
-0.6002114 -0.9805810
0.4963815 -0.6973745
0.0922883 0.6326083
0.0881480 -0.2026480
0.9018916 0.1844525
-0.1445196 -0.9058319
0.0111429 0.5345021
-0.9614104 -0.4567802
0.8044885 0.2781870
0.0054276 0.6477522
0.6207367 0.2133211
0.8236167 0.9733040
-0.8880553 -0.2953851
-0.6941261 -0.0956948
0.8350336 0.0221101
-0.9212219 -0.7299675
0.9334353 -0.4256032
0.0751098 0.3339644
-0.4946879 -0.7464034
-0.4675517 -0.0751430
0.5089979 -0.9590453
-0.2746066 0.2691310
-0.9146452 -0.0679343
0.9241367 0.1295005
0.0800348 0.5198864
0.6128965 -0.3830202
0.1703182 0.2559530
0.7564897 0.6446075
-0.4302626 -0.1230716
