-0.9376859 -0.1922546
0.1277754 -0.6315503
0.4406127 0.2850907
-0.8327775 0.4819268
0.2741840 0.2828618
-0.2601257 -0.8381359
-0.2868436 0.7754764
-0.1560311 -0.1041085
-0.9316668 -0.2589932
0.2868852 0.5058294
-0.4062040 0.0404641
0.0275277 0.7033324
-0.8926255 0.6993506
0.7320880 -0.3247694
0.6573638 -0.9571551
-0.9560616 -0.3899878
-0.4142598 -0.8479002
-0.3717802 -0.8394624
-0.9192109 -0.8265988
-0.2482483 -0.7629808
0.6441660 -0.7313250
-0.5073924 0.9668216
0.4751093 -0.4295454
0.4538490 0.5467543
-0.8585033 0.8747424
0.4688559 0.4999829
-0.0792351 0.5481142
-0.7445408 -0.6269375
-0.9828420 0.3938275
0.7857767 0.5586571
0.7079354 -0.0150170
0.3932573 -0.3860984
0.6777932 0.6938497
0.7717486 -0.7425902
-0.0922900 -0.8429208
-0.4647987 -0.9415440
-0.0200345 -0.5953002
0.6469412 -0.7172134
-0.3168169 -0.2508998
0.2856035 -0.5938356
0.2039033 -0.8577454
-0.3929078 0.1264816
0.5326355 0.9539046
-0.9631674 0.2189771
-0.3528917 0.1134305
-0.1129528 -0.2592135
0.6541372 -0.3476541
0.0861401 -0.9881658
0.0322060 -0.5548543
0.8640637 0.6257481
0.5437858 -0.3920844
0.9004266 0.5785318
-0.6302551 0.5059835
0.3568979 0.8641103
0.5602720 0.6330924
0.0593060 0.2724704
0.8990204 0.6393372
-0.1431031 -0.2181148
0.4412812 -0.0551513
-0.8271993 0.3657007
-0.8697691 0.7613695
0.6079447 -0.4855356
-0.7788371 -0.2145713
0.0680304 -0.0761247
-0.4308199 -0.2607879
0.8376769 -0.9877069
-0.2250836 0.0334947
-0.2453053 -0.1403221
-0.1506274 -0.3373832
-0.6980998 -0.4742239
-0.8885264 -0.1122747
0.9211607 -0.5977548
-0.0204269 -0.1068588
0.4766972 -0.8985377
-0.1669067 0.5570845
-0.7756000 -0.1578500
0.9730201 -0.1469405
-0.5586417 -0.2998528
0.7195251 -0.9691223
0.2065484 -0.9116914
0.0059150 0.4758971
-0.7150583 0.2878548
-0.4815470 -0.0194503
-0.2108708 0.5021075
0.9493354 0.4567323
-0.9651730 -0.7059934
0.4190542 0.6918435
-0.7117151 -0.1476013
0.7464212 0.1262245
0.4682333 0.0080513
0.3653245 -0.2264724
0.8045168 0.0042658
-0.1830971 0.3049619
0.1240267 -0.0759688
0.6940783 0.0101361
0.7618411 -0.3573018
0.8469909 0.2016488
-0.7588925 0.4411592
0.5396222 -0.1448719
-0.9723763 -0.8049433
-0.2733483 -0.4696141
0.6507465 0.8360939
-0.0248978 0.4429637
-0.8262728 0.4806245
0.4310984 0.0841072
-0.9073721 -0.8046514
0.0428138 0.1169526
-0.1963167 -0.3688514
0.1727408 -0.7741066
-0.0229147 -0.1026413
-0.8806807 -0.2906193
0.4007135 -0.4241942
-0.8089403 -0.2785188
-0.4199422 -0.4719669
0.5021553 0.7024093
-0.9537873 0.4421216
0.0341077 0.6238750
0.2806607 0.8047954
-0.1656774 0.0627090
-0.9478736 -0.0901426
0.3559908 -0.4010388
0.5642581 0.3568036
0.2413680 0.0853637
-0.4344421 0.3213249
-0.0557174 0.4186702
-0.4955226 -0.4740927
-0.0923489 0.0659550
0.0946508 0.3638614
-0.7542716 0.2670640
0.2953603 -0.1235320
-0.0998107 -0.2861282
-0.4344482 -0.7150414
0.9289206 -0.4375851
-0.4263533 -0.9991645
0.4548284 -0.3667375
0.5809361 -0.0425392
0.6172927 0.0711958
-0.0910634 0.7938842
0.8839964 -0.6891198
0.8489585 -0.6741930
-0.5959301 0.8119249
0.0435320 0.4432611
-0.0767067 -0.4999905
0.7315071 0.4853291
-0.9537008 -0.3284050
0.0687314 0.2615189
0.9445475 0.2173718
0.5962020 -0.7953963
-0.5940065 -0.9013728
-0.9935632 0.8563349
-0.6961067 0.9897619
0.5541521 0.7635702
0.6447863 -0.9675921
0.2296347 -0.2791855
0.1677125 0.6005068
0.2086743 0.0863787
-0.0887483 0.6680712
0.7645145 -0.8727523
-0.6344173 -0.4062126
0.1932483 0.1999274
-0.1696184 -0.6339149
0.5209676 -0.9448405
0.9414991 0.5370733
-0.5514157 0.1120596
-0.8730883 0.1158014
-0.7617983 0.1185265
0.2971388 0.1645657
-0.9280921 0.7070680
-0.8925965 -0.0698287
-0.6364075 -0.3318804
-0.2048289 -0.9562893
-0.0289000 -0.0277808
-0.5540527 -0.8788376
0.9741460 -0.6418936
0.0239344 0.8903589
0.0310546 0.9484140
0.8499946 -0.2778171
-0.6940477 0.8113867
0.9080887 0.2491363
0.1117645 -0.5947554
-0.9333783 0.8723879
0.7159573 0.5766275
-0.5235112 -0.0326924
0.5113034 -0.0703495
0.8690883 0.2435085
0.3777067 0.6938305
-0.5237157 -0.3615543
-0.2060666 -0.6051741
0.3218612 -0.7290346
-0.4722206 -0.6575413
0.7771917 -0.1611748
0.1855095 -0.5953851
0.1016798 0.6847319
-0.6966155 0.0945738
-0.7678894 0.6684352
-0.8967927 0.9446968
-0.9476300 0.9647394
0.6137575 -0.3815321
0.4773640 0.2161517
-0.4067022 0.3160570
0.3049531 0.1671148
0.9217097 -0.4211758
-0.3589945 0.9537037
0.3570044 -0.9430894
0.8209241 0.2150794
-0.2030062 0.9833586
0.4222530 0.9052879
0.6772671 0.4711252
-0.9023266 -0.7824641
0.9984886 0.6757145
-0.4215146 -0.3341472
-0.0698210 -0.3756271
-0.7669369 -0.9817925
-0.5661183 -0.2834213
-0.1654512 0.6467052
-0.3361876 0.7058607
0.3902986 -0.5719207
-0.7128589 0.0542294
0.6125388 0.1205891
-0.8081790 0.5366254
0.0745914 -0.4107548
-0.9840052 0.1040754
0.5779189 -0.6163429
-0.3455669 0.1179717
0.3841640 0.2519092
0.3597916 0.1529069
-0.2874618 -0.5373428
0.6276342 -0.1068762
-0.2096220 -0.6593429
-0.7268429 -0.4892854
-0.9162109 -0.1592617
0.6215454 0.6342500
0.2117002 -0.1433407
0.3633201 -0.6903038
0.4053022 0.3324131
0.4744777 -0.3785062
-0.6940993 -0.3642927
-0.4092378 0.6698143
0.7567151 -0.1022844
0.2704801 -0.2905159
-0.4141613 -0.4092784
-0.1268066 -0.7408210
-0.0474660 -0.2807129
-0.9160214 0.3055605
0.1975661 0.0934271
0.0781046 -0.9750377
-0.3365536 -0.3447762
-0.3629227 -0.2298985
-0.6935224 -0.5101871
0.2981853 -0.5281726
0.0847053 0.3505256
-0.2104623 0.6865105
-0.6472452 0.1998213
-0.5223539 -0.3584519
-0.1372655 -0.9737247
0.0424136 -0.9216745
0.7854731 0.0109237
-0.0677187 -0.2509335
0.6892674 -0.2335356
0.8225472 0.1178960
0.2007698 0.9693183
0.5246416 0.6102886
0.4933719 -0.3160030
0.3951281 -0.4770291
-0.5837506 0.7132283
-0.4114041 -0.6194379
-0.1042523 0.5114837
0.3482285 -0.9707667
0.0022743 -0.4771112
-0.9690507 0.3980533
-0.8652555 -0.1026309
0.5393221 -0.6853664
-0.6040466 -0.3242838
0.1353241 0.2006158
-0.9705156 0.3826505
-0.0603227 -0.7441692
-0.4914945 -0.2393912
0.0308784 0.3250549
0.5198699 0.6516739
0.5863271 -0.0998721
0.6185990 -0.0554318
-0.7196542 0.3822300
-0.3392137 -0.7238026
-0.4336334 -0.3761548
0.5710629 -0.7388737
0.6952316 0.1931911
0.3607903 -0.4114034
-0.8513952 0.4193396
-0.6937212 -0.0304192
0.1412235 0.5498563
0.2280379 0.0612990
-0.3834611 0.1232708
-0.8115193 0.7006316
-0.1723465 -0.3446796
0.4007545 -0.0462245
0.1506589 0.7064758
0.8396894 0.9110303
-0.6328230 0.6377108
-0.3847451 0.0188969
0.3360548 -0.0646829
0.4811188 -0.4057382
0.0255018 0.6482169
0.1894950 -0.8288637
0.4949542 -0.8725110
-0.7317799 0.5308662
0.9067945 0.1954433
0.3286980 -0.9465220
0.3148210 0.7086407
-0.4733708 0.2992290
-0.3955273 0.1736325
-0.8707445 0.6666517
-0.8456904 -0.4467966
0.0789200 0.6341854
0.2839915 0.4414857
0.6822343 -0.9726680
-0.7664253 0.1715482
0.5553067 0.9918827
0.4762130 0.3551529
0.2215284 0.5998917
0.0635392 -0.8417026
0.4636658 0.3618425
-0.3203207 0.0552923
-0.6674784 0.0684350
0.4603622 0.3722900
0.6412755 0.4236752
-0.2484106 0.9209415
-0.7139996 0.5586686
0.3249540 0.1448564
0.8939554 -0.2461959
0.6349932 0.6638906
-0.5351682 -0.8565902
-0.4226624 -0.4377650
-0.5508518 -0.7214916
0.3678771 -0.9489808
0.1088863 0.9796766
-0.6632570 0.6416281
-0.8130484 0.9000022
0.3026485 0.5664803
0.3865501 0.3706307
-0.6902948 -0.9281558
-0.3617053 -0.9703522
0.8973182 -0.3867451
0.4621778 -0.3700237
0.4658241 -0.2167139
-0.3699380 0.9053086
-0.6619324 -0.9925617
-0.4397554 0.6937895
0.9162426 -0.6518964
0.6420378 -0.6787725
-0.3898159 0.9547049
-0.6164807 -0.8676689
0.8367577 0.8856960
-0.7580931 0.9226018
-0.7963733 -0.5576928
-0.9050235 0.2377738
0.7629533 0.7985648
-0.0177482 -0.5532871
0.5803633 0.8856491
0.8077900 -0.8000560
0.7218672 0.7399343
-0.0043501 0.1224815
-0.0821833 -0.1993933
0.2351862 -0.6946696
-0.1374356 0.8147499
0.1071706 -0.1726035
-0.3417594 0.7682583
0.9262290 0.7662186
0.7137918 -0.0393050
0.0967525 0.5911231
-0.6999896 0.2899857
0.0467080 0.6104365
-0.9328919 0.6410673
-0.2408915 -0.7131855
-0.8571273 -0.9152475
-0.3999304 -0.8453104
-0.1166851 -0.5999506
0.6005594 -0.5111583
0.2103570 0.2248782
0.1696624 -0.6308324
0.8505058 -0.4050879
-0.1287288 -0.9217120
0.9345467 -0.0283730
-0.7733796 0.2913953
-0.7804126 -0.0915854
-0.2690287 0.4377397
0.0044999 -0.1806295
-0.4324606 -0.3963565
-0.1960495 -0.5902322
0.9938101 0.4920546
0.5464302 0.2779875
0.8282990 0.6854589
0.9491829 -0.1227993
0.8734984 -0.9086297
0.4967214 -0.7470837
-0.7069578 -0.0125879
-0.9615304 0.1978907
-0.4404019 0.4057161
0.7565018 -0.2101039
-0.2115468 0.2002472
-0.1608111 -0.6774756
-0.0730094 0.6956365
-0.2007393 0.2814469
-0.7956829 -0.8130603
0.9704152 -0.3625338
0.2272444 -0.2634894
-0.2020918 0.1639318
-0.3146550 -0.9623991
0.7725783 -0.4465600
0.6970981 0.2340127
-0.7641277 -0.7261251
0.9328998 0.9220127
-0.0483370 0.5444851
-0.3670737 0.9641633
-0.9900395 0.8665775
-0.5454629 -0.1712142
-0.9194134 0.1605943
0.7261198 0.0334747
0.4758189 0.1626535
-0.0389142 -0.8739860
0.1294045 0.2668855
-0.7797891 -0.0558876
0.2063158 0.4339088
0.1958863 -0.3826933
-0.7247852 -0.8119125
0.8215715 0.1071874
0.1585334 -0.7637326
0.4761360 -0.2958919
-0.3958984 0.4516308
-0.7700642 -0.5885408
-0.9369783 -0.3319258
0.6910225 -0.9024133
0.0097029 -0.7929477
-0.5220865 -0.8894173
-0.5114600 -0.7050701
-0.2725714 -0.3724456
0.3591570 0.5213695
-0.5781208 -0.9504800
-0.9886352 0.2530565
0.8470729 0.9237002
-0.9427327 -0.7692490
0.6845459 0.1123227
-0.5398405 0.8730611
0.8497550 -0.7719058
-0.9053949 -0.9603917
0.2179717 -0.5319325
0.1541500 0.9455079
-0.8455795 -0.3426138
-0.5585167 -0.9512999
-0.9386494 0.5380176
-0.4238108 0.1472627
-0.6651817 0.1650428
-0.4784619 0.4307870
0.9088610 -0.0659669
0.8714521 0.5420568
0.1179070 -0.0387295
-0.7231299 -0.2808351
-0.8888039 0.4943372
-0.7113358 0.6185865
0.5195327 -0.8168714
-0.6028328 -0.4046633
-0.7413705 0.5140254
0.3218725 0.8451214
0.2927604 0.6478098
0.5802652 -0.1775622
0.7909203 0.2685657
0.1295582 -0.7685861
0.3740255 -0.9624902
-0.0372281 0.3822292
0.7071933 -0.7831352
-0.4106560 -0.6277730
0.4485024 0.5155282
-0.6530121 0.6096143
-0.7423265 0.7731922
-0.7580531 0.5201445
0.1257026 -0.3192640
-0.4503350 -0.8228051
-0.3973187 -0.7829019
0.5279469 -0.7472520
0.0900676 0.4656866
0.3979740 -0.5867526
0.3238407 0.1772707
-0.8679998 0.0916131
-0.8953613 0.4120184
-0.6653106 0.3404370
0.7772218 -0.8701218
0.2946308 -0.5984685
0.7562539 -0.6978064
-0.4836794 0.8447069
0.1230231 -0.2212150
0.5739979 0.0262591
-0.9477777 0.3203179
-0.7735325 -0.0637354
-0.3001430 0.6238593
0.4312981 0.0295734
0.7960150 0.3816343
-0.6532925 0.6122819
-0.0835475 -0.3157006
-0.7874989 0.9234518
0.5319119 -0.8819601
0.2989787 0.7401481
