-0.4109889 0.9693119
0.7416987 -0.7180869
-0.7228401 -0.3393500
0.9402790 0.4605033
-0.8890190 0.7207136
-0.4968581 -0.5642935
0.1960140 0.9420965
-0.8030879 0.5718102
-0.3216682 0.1621792
0.9327897 -0.8883042
-0.8593140 0.3303161
0.1044263 0.6192900
-0.3251852 -0.9660038
-0.2510520 -0.9101312
-0.2293327 -0.9509533
0.4082872 -0.1333457
-0.2085879 -0.8352576
-0.4164974 0.8387345
-0.3814135 -0.6374118
-0.8418285 -0.4502610
0.1127449 -0.2180109
-0.1053669 -0.6449931
-0.5210788 0.4221974
-0.4090260 -0.3311562
-0.4832464 -0.3750071
-0.5897649 0.4864249
0.4748664 -0.6510415
-0.9356344 0.2097828
0.9889544 -0.4396716
-0.6296524 0.5925658
-0.8217101 -0.8240511
-0.4660700 -0.6047823
0.9398599 0.6175653
0.0484703 -0.7002111
0.8976429 -0.2015873
-0.4475630 -0.7308617
-0.4775656 0.0231882
-0.6397324 -0.5816569
-0.8993718 -0.5099538
-0.3353137 -0.3159838
-0.3041092 0.6766332
-0.9868597 -0.8812619
-0.1205572 -0.1340425
0.4002258 0.5599979
0.3758622 0.9380492
-0.5272347 -0.5737714
0.2619962 -0.0705051
-0.0170745 -0.1759090
-0.8710404 -0.4934416
0.7555161 -0.7810269
0.7457613 0.3932959
-0.7688293 -0.5859239
0.0703232 -0.8596345
0.9759303 -0.7413285
0.6113832 0.9115524
0.0882249 0.1784862
0.6334148 -0.0391611
0.5296023 -0.2565833
-0.0866046 -0.8051356
0.1158962 -0.4847812
-0.8070353 0.4652957
0.5442047 -0.6615031
0.9659146 -0.6904937
0.8253378 -0.3129921
0.3951072 0.0639783
-0.0047461 0.8511972
-0.5935354 -0.8215078
-0.8098758 -0.9412106
0.4711507 -0.9729823
0.5617290 -0.1650938
-0.6847731 -0.0523695
-0.5393541 -0.1469150
0.7973465 0.9964225
0.7609917 0.9903806
0.0356617 0.1719989
0.0686013 -0.6744929
0.5161254 0.7924926
0.8361719 -0.4347944
0.0564024 0.1093409
0.9068033 -0.2780793
0.2003791 0.8674881
0.6861340 0.1294313
0.2070562 0.3655119
-0.4946656 -0.0656139
0.4272789 0.2110804
0.4183576 0.4453367
0.7682610 -0.4530937
-0.6768396 0.7902324
-0.6773993 -0.2215796
0.4234576 -0.0465474
-0.6763439 0.5501402
-0.3705093 0.4344284
0.9310182 -0.7399653
-0.9798488 -0.6050481
0.7043977 0.9827384
-0.4249677 -0.1858548
0.2892428 -0.9132257
-0.8730533 -0.8608227
-0.6920938 0.8347877
0.5860725 -0.4436834
0.3271982 -0.8582933
-0.7082541 -0.1531595
0.4086488 -0.0380278
-0.6991759 0.6972193
0.7736024 -0.6589332
0.7899352 -0.1722308
0.5512687 -0.2063214
-0.3764219 -0.4448107
0.2079628 -0.6219258
-0.2187957 0.9973931
0.7208403 -0.5494225
-0.1967907 -0.5585312
-0.7962725 -0.3686332
-0.8620132 0.2220232
-0.9066568 0.4344848
-0.3957742 0.2345315
-0.0043422 -0.1901356
0.5992477 -0.3205564
-0.1948033 -0.3324861
-0.0760237 -0.8842028
-0.7291629 0.7913796
0.0838185 0.6368184
-0.3795743 -0.9643169
0.4359050 0.3213744
0.3043184 0.4831729
0.4535405 -0.8143131
-0.4688637 0.4517063
0.5988357 -0.2338925
-0.3026262 0.1976795
0.0498307 0.3277167
-0.0606921 0.6221795
0.1104146 0.0409514
-0.1198413 -0.0495895
-0.7455350 -0.1975377
-0.4134322 -0.9591146
0.7684022 -0.0400767
0.0491690 0.0750078
-0.8228439 -0.1115257
-0.7291049 0.1971389
-0.3037225 0.0527662
-0.9891575 -0.5741541
0.0406075 0.4743135
-0.6356673 -0.9471674
-0.3201426 0.8006805
-0.3902530 -0.7906820
-0.6269296 -0.8576173
0.8984598 -0.9310785
0.8468827 0.7477919
-0.2661966 -0.5785368
-0.6686885 -0.4255045
-0.0165075 -0.2285300
-0.1181261 0.5779092
0.4524149 -0.8185665
0.7200121 -0.3673287
0.3545886 -0.3691322
-0.6557976 0.0810568
-0.0647826 -0.1398799
0.3046353 -0.5647270
-0.6193017 -0.2911759
0.8347419 -0.3765991
0.6437005 0.7274433
-0.8044012 -0.7137893
0.6106913 0.6213348
-0.5456424 -0.4925130
0.8327211 -0.2866519
0.7190501 0.9551544
-0.7087734 -0.2973970
0.0330290 0.4129954
0.4192418 -0.3890181
-0.0768328 -0.0776528
0.3631225 0.6335397
0.7774449 0.4875173
-0.2784108 -0.6917824
-0.4465974 0.5282572
-0.9626459 -0.3301412
-0.8850018 -0.9605509
0.7002546 0.1126225
0.5585830 0.9802274
-0.0567520 -0.2421521
-0.4886497 -0.9468068
-0.9367986 -0.1966102
-0.7423054 0.8576252
-0.8842593 -0.0829546
0.4110662 0.7455615
-0.0780038 0.5884069
0.3076722 0.2427281
-0.5277579 -0.9468177
-0.0914376 -0.0854210
0.9800816 -0.4701943
0.8771905 0.8814824
-0.8302122 0.4237486
0.7438672 0.9327976
0.8111975 -0.0906982
0.3960621 0.0109655
0.5389527 -0.7379102
-0.2519271 -0.4925999
-0.9427109 -0.0813680
-0.9448054 0.8626772
-0.7157689 0.4601996
0.7553485 -0.4257869
-0.1277080 -0.6145962
-0.2646127 0.4674023
-0.6188896 0.6694452
0.2629150 0.2666890
0.3419787 0.6217863
0.6548429 0.3624927
-0.1497000 0.6300744
0.5943566 0.5167943
-0.9756424 -0.6849107
0.5044677 -0.0674528
-0.3854041 -0.3547263
-0.5837892 -0.8471143
0.8250333 -0.1092739
0.5457536 0.4381144
-0.7419083 0.0550256
-0.9624492 0.6635037
0.6840886 0.6878997
0.8478622 -0.9640993
-0.2583393 0.9234746
0.2829224 -0.3636052
-0.9031405 -0.1988769
-0.9282340 0.9784753
-0.2417528 0.8312808
-0.3303194 -0.3847353
0.4606140 0.5468563
0.4079407 0.7218912
-0.4060822 0.3936805
0.6557971 -0.8644038
0.9288164 -0.1217469
-0.9883716 0.4097889
-0.4936643 -0.1864054
0.5879135 -0.1898073
0.2138528 0.4596337
-0.2405603 0.4135680
0.3368379 -0.0107618
-0.5079985 0.9034185
-0.3138931 -0.4178248
-0.8327537 0.0102763
0.0587768 -0.0636161
0.1088303 0.3915140
0.1920702 0.1725276
-0.7736353 0.8653878
0.2828936 -0.0373379
-0.6953053 0.6140745
0.6862438 0.0687747
-0.5917978 -0.1311215
-0.2911188 0.8566785
-0.4370680 0.7857902
-0.8805260 0.2285776
-0.3682577 -0.2567166
0.4260991 -0.3032851
0.8757877 -0.9184982
0.8424860 -0.5655537
0.6530834 -0.8198950
-0.6151173 -0.6224102
0.3123571 -0.3081122
-0.2966916 -0.5304761
0.7575828 -0.2994818
-0.2507512 -0.8006764
0.7080937 0.9205178
-0.6600716 0.0215383
0.8601068 -0.8736295
0.5707971 -0.7940486
-0.4325606 -0.8967736
-0.7708875 0.9733980
0.9077206 -0.1760241
-0.9136659 0.1698087
-0.0045430 0.2579257
-0.9204826 -0.2787287
0.2350102 -0.6567816
0.8921442 0.4307975
-0.8187406 -0.1438620
0.0448575 0.9677593
0.9844461 -0.5665705
-0.8538582 0.7230711
0.2987940 -0.1749846
0.5953889 -0.1101087
-0.3388497 -0.8117353
0.5273464 0.0483730
0.5449629 0.9652759
-0.0847546 -0.2769317
0.1401510 -0.3271951
0.1556666 -0.6116549
0.8963334 -0.6801815
-0.8326485 0.7055324
0.6673327 0.2862964
0.9668506 0.5755453
0.3633600 0.1852276
0.4888157 0.7900675
0.0977780 0.4631310
-0.4552849 0.0523778
-0.2923132 0.0075094
-0.4990610 -0.1653455
-0.6203851 -0.2601922
-0.5877467 0.3924352
0.0805659 0.9789220
0.4182942 -0.4964519
-0.6107541 0.9772687
0.1268757 -0.3767494
0.1044743 -0.4399482
0.4177843 -0.7629767
-0.1378947 -0.9751953
-0.4552003 0.0848442
0.7702016 -0.6910435
-0.1887718 0.6716442
-0.5218161 0.3780812
0.1563337 0.9392151
0.9319598 0.6889668
-0.0887666 0.3713841
0.9562996 0.1889684
-0.6248568 0.6302814
0.4169830 -0.1721542
-0.4403314 0.2118901
-0.4375004 -0.1683366
-0.7201346 0.5739465
-0.7187563 -0.2273384
-0.7150790 0.9540961
-0.9553244 0.6531941
0.4331672 0.3263538
0.5853798 0.0642917
0.2569459 -0.5014811
-0.0570557 0.9700520
0.8155599 0.7334934
0.6522826 0.6234404
0.1162514 0.8572822
-0.2508496 -0.1096156
0.7597711 0.9499196
-0.7927113 -0.1098238
-0.6556113 -0.2551605
0.3459492 0.9502124
0.9093033 -0.0483423
0.0220847 0.4354813
-0.0244899 0.7108636
-0.9860047 0.5175787
-0.0603003 0.1441302
-0.2845096 0.7793018
-0.4495338 0.6160663
-0.6484408 0.6897722
-0.5010624 -0.1484372
-0.6335748 -0.6419465
-0.4219730 -0.4086390
0.1336162 0.9209663
0.6190764 -0.3695866
0.9517879 -0.2385751
-0.4342854 0.9721349
-0.3259544 -0.7207334
0.3324302 0.2693383
-0.1976782 0.2197221
-0.2000068 0.5969875
0.7373103 -0.1314973
0.9529077 -0.2924089
0.4226467 0.8228781
0.1386681 0.7548632
0.3350849 0.4198045
-0.9468404 0.3155987
0.2063767 -0.0571248
-0.4845676 -0.3429148
-0.7592964 -0.5068749
-0.7026900 -0.6188426
0.9758207 0.6261632
-0.1783915 -0.4014402
-0.6894866 -0.9600472
-0.3345025 0.2297475
-0.2153876 -0.9346233
-0.5703454 0.3642234
0.0508837 -0.2157125
-0.3649366 -0.4553923
0.5770028 -0.6426041
-0.2184706 -0.9707589
0.5493763 0.1604205
0.8679186 -0.8991962
0.0262388 0.2033946
0.9092603 0.1833125
-0.1188944 -0.0499191
-0.0133106 0.2199709
-0.3297800 0.0364763
0.3611493 0.1329614
0.9630319 0.4475020
0.2638895 -0.1650014
0.3761367 -0.4911023
-0.5544595 -0.7082489
-0.4904624 0.9705043
0.6363993 -0.5410110
-0.6642624 0.3394189
0.9640193 -0.4347146
-0.0889587 -0.1355921
-0.0730447 -0.0398231
0.4764466 -0.1326873
0.3018806 0.7427614
0.0011011 0.7001342
-0.8599770 0.3017487
0.7429842 -0.1478591
0.4928652 0.4733755
-0.4973906 0.7312652
-0.1780599 -0.4798515
0.4438823 0.3488812
-0.2435100 0.8710154
-0.0255907 0.1258849
-0.8458771 0.5683789
0.8745043 -0.2648849
-0.8739469 0.8879394
-0.9055853 0.9110776
-0.1312731 -0.0210387
-0.0111970 0.2272946
-0.1390146 -0.2153738
0.6218992 -0.1176457
0.8460721 0.5735220
-0.2286007 -0.0622301
0.7680977 0.1917138
0.1579790 0.2614340
-0.4879193 0.9776657
-0.4190963 0.0521176
0.7080401 0.8381587
-0.1018742 -0.9161460
0.4554602 -0.2936025
-0.9714042 0.9539653
0.4332707 0.7784056
0.4535549 0.6885484
0.6941588 -0.3260516
0.3599761 0.3305844
-0.9343906 0.0668439
0.2002305 -0.1005859
-0.9970533 0.1702868
-0.0860774 -0.6485185
-0.2223801 0.3925180
0.4843208 -0.5421191
0.8902943 0.7858378
-0.7195980 0.6759327
-0.2527294 0.8798426
0.8791324 -0.0264055
-0.4084489 -0.3602576
-0.1323941 0.1090305
0.8159201 -0.4748177
-0.9074978 0.9694930
0.2413867 -0.0458969
-0.7007752 0.1536545
-0.6459095 0.8680286
-0.1413298 0.5664395
-0.7315708 -0.5067642
0.8444776 -0.9960663
-0.2026854 0.0761863
0.2998158 0.1560602
-0.6108991 -0.9884678
0.9521924 0.9698728
-0.5235395 0.4348143
0.1220200 0.3522569
-0.1721096 -0.0814630
0.4050433 0.4496459
-0.2546591 0.1999690
0.4129592 0.5936274
0.8968099 0.2832075
-0.1035429 -0.8889948
-0.5652276 -0.4333650
0.7732331 0.6541800
-0.1140452 -0.3103526
0.4514656 -0.8967352
-0.0468728 -0.9050382
0.1776009 -0.7299811
-0.1944015 -0.6479568
-0.5573982 -0.3023259
0.8173789 -0.1369500
0.1342716 -0.5311438
-0.3738067 0.9329281
-0.8438291 -0.3196431
-0.7922568 0.7548635
-0.1082258 0.8622712
0.2034490 -0.5992571
0.5270061 0.0812857
0.6762577 -0.8131261
-0.3510539 0.1332699
0.7306543 0.7333951
-0.9537488 -0.9232950
0.4960490 -0.3094306
-0.2623812 0.5347696
-0.4907645 0.0598250
-0.9316035 -0.6483323
0.0879407 -0.6216870
-0.8702287 0.1488947
-0.2322278 0.3502971
-0.0900180 0.2006092
0.0066281 -0.0794978
-0.1918218 0.1324455
-0.2514697 0.3090504
0.9155974 -0.1420101
-0.7706524 -0.3866404
0.7120892 0.9160456
-0.7729846 0.6188473
0.6130317 -0.1335766
0.1512618 -0.2522621
-0.4690954 0.0047897
-0.7441632 0.9681648
-0.4137326 -0.4647830
-0.1169164 -0.8786514
0.0019178 -0.5288462
-0.1158295 -0.4161382
-0.9644961 0.7186095
0.4284957 0.1068324
-0.8433891 -0.3153976
-0.6021759 0.2391542
-0.4203624 0.8507027
