0.7333002 0.0331699
0.6924820 0.7928448
-0.8413553 -0.1321232
0.5347883 -0.8512655
0.3489167 0.2512736
0.7246968 0.0005114
0.3072232 0.7495891
0.4199609 0.7160143
0.8275647 -0.2001397
-0.6976834 0.7836569
0.8245366 -0.8806415
0.7971946 0.6149164
0.8329156 0.5202515
-0.7046599 -0.1749749
0.3730615 0.5173803
0.7743972 -0.3079336
-0.6136434 -0.8249648
0.4576579 -0.8777913
-0.5086683 0.4332536
-0.2943688 0.8284263
-0.6064374 0.2704080
0.8601384 -0.4259117
0.2567683 0.0370586
0.2759990 0.4526693
0.8714274 -0.5904240
-0.5354057 0.2568498
0.4428472 -0.0496481
0.9026023 0.2746405
-0.0915075 -0.4829531
-0.2165230 -0.8152952
-0.3636550 -0.1671387
0.4379779 -0.8682730
0.5979168 -0.6039623
-0.1289374 0.5378307
0.5635200 -0.0546091
0.7965206 -0.3719581
-0.8208387 -0.3052197
0.6587758 -0.6459379
0.0271784 0.4958751
0.3424618 0.5701341
-0.9903111 -0.2848266
0.2835759 0.5033242
0.3485050 0.7299424
0.2259560 0.8532907
0.4266552 0.9106982
-0.1413278 -0.2779632
-0.8541479 0.9755560
0.2476126 -0.2836885
0.5855102 -0.3414212
-0.6694093 0.6155450
-0.1086173 -0.5952393
-0.4332864 0.5285843
-0.8617788 -0.5819387
-0.2089386 -0.6990306
-0.2652927 -0.5325442
-0.4505688 0.8753571
-0.9005716 0.9918447
-0.6152162 0.1866150
0.9029917 0.9977534
0.1781345 0.7389303
-0.6022109 0.9499410
0.6136779 -0.2240264
-0.7626603 -0.1472283
0.3574762 -0.5118154
-0.0332242 0.1276960
-0.8967428 -0.9543285
0.5141807 0.0983067
0.2807378 0.1497703
-0.6591242 0.8552872
-0.0937082 -0.4051700
-0.8486599 0.8883211
-0.5864103 0.3455343
-0.5889233 0.3414897
-0.1907219 -0.0839133
0.7498132 -0.2100484
-0.7439170 0.9589421
-0.0511913 -0.2288047
-0.8237726 0.6329885
0.8576558 0.3892152
-0.8275516 0.3576550
0.3465596 -0.1118283
0.1963427 0.1595314
-0.0785795 0.5543297
-0.9244780 0.0649662
0.3527486 0.5339867
0.0990583 -0.5244035
-0.0564528 -0.7191154
-0.9304213 0.1221637
-0.5921770 -0.3242360
0.7033367 -0.5571075
-0.1183753 -0.8981796
-0.6561817 -0.2249761
0.5116118 -0.2875176
0.7126176 0.6712700
0.9271297 0.9578866
0.5559886 0.8311901
-0.5668676 -0.4943520
0.5190995 0.6006806
-0.9274120 0.3611309
-0.5984659 0.1341998
0.0609093 0.9367709
-0.0192658 -0.5245073
-0.3540661 0.8920302
0.8518293 0.3042707
0.1780564 -0.0068349
-0.7676856 0.1198117
-0.4329637 -0.1534387
-0.2139805 -0.9851432
0.3271583 0.7486843
-0.4291609 -0.7565389
0.8574205 0.3359706
-0.8726718 -0.0215863
-0.0563708 -0.4041882
0.7179098 0.7723163
0.9318141 -0.2209854
-0.0979169 0.7781764
0.4870095 -0.6424900
-0.9769514 0.1280480
-0.4850061 0.5874546
-0.9156860 0.8373782
-0.6521984 -0.1372082
-0.4707273 -0.6331462
-0.0025533 0.0617152
0.6952843 -0.4826274
-0.6651740 -0.8623472
-0.5103893 0.2049889
0.9261336 0.6739964
0.9117444 0.1949975
-0.1772099 0.7007600
-0.7720806 0.7412711
0.1624821 0.1601782
0.9957587 -0.6608015
0.7636730 0.6762241
0.1827998 0.1022227
0.8041765 0.7829578
-0.2838338 -0.2843975
0.2539909 0.7706133
-0.6743895 0.2259794
-0.7959035 -0.1846659
0.4509366 -0.1638765
-0.8861173 -0.3018022
0.9313431 0.4391058
0.5759243 -0.8160061
0.1959090 0.7592844
-0.2120751 0.2791457
-0.7832149 -0.1076040
0.9832368 0.3099165
-0.7257713 -0.8902015
0.6140446 -0.5426083
-0.0202627 0.4993556
-0.8445814 -0.0295938
0.9240883 -0.9137352
-0.1382875 -0.0672300
-0.0302607 0.5072391
0.0124327 0.1716511
-0.5053246 0.0259190
-0.5614853 0.1831371
-0.2309712 -0.0079402
0.2238600 -0.1691591
-0.2478632 0.0147124
0.0494431 -0.5670234
0.6559169 -0.5784910
-0.3797490 -0.8725482
0.9388808 -0.2819261
-0.8960005 -0.0457576
-0.6951042 0.8914033
-0.1304637 -0.1533830
-0.2850831 -0.5963784
0.1256878 0.8669694
-0.9753800 0.1335166
-0.9984516 -0.4160743
-0.3469589 0.1541246
0.2468328 0.0487297
-0.1856671 -0.2035832
0.7917485 0.6128082
0.5911918 -0.4715927
0.0769382 0.4432611
-0.0627921 0.4439554
-0.4207923 -0.0485980
-0.1977684 -0.8172358
0.3886299 -0.5987752
0.5941245 0.7432476
-0.2432927 -0.1306075
-0.7379523 0.3480991
-0.5547511 -0.0898668
-0.4805727 0.2341493
-0.5148891 -0.9373573
0.0676670 -0.4059057
0.1486773 -0.3829974
-0.0443997 0.1504065
0.4639649 -0.1757274
0.6257281 0.8743029
-0.8965445 -0.6099712
-0.6606367 -0.7782658
0.8478475 0.5935328
-0.5693250 0.8346885
0.7211086 -0.2842786
0.6619742 0.2050680
-0.5955151 -0.7979534
0.9127380 0.3280430
-0.6126748 0.6431494
-0.0507018 -0.1820671
-0.9021147 -0.3913644
0.3100734 0.0255072
-0.1885829 0.3064821
-0.2142431 0.8792403
0.2446909 -0.4446251
-0.6041118 0.0436016
-0.3880218 -0.9049818
-0.1441303 -0.2902495
-0.1158498 -0.0673162
0.0161248 0.1371828
0.1983529 0.9907041
0.9481154 -0.7403249
-0.3404399 0.7710124
0.6969290 -0.7366485
-0.6387535 -0.0826247
-0.0678939 -0.4191578
0.6673530 -0.4566404
0.3917532 -0.3884356
-0.3801074 -0.0768070
0.4375719 0.9725154
-0.4760448 0.7230185
0.9075365 0.6241630
-0.3446059 0.2020207
-0.4967916 0.8597577
-0.2881710 -0.6508574
-0.1482853 -0.3020564
-0.6096442 0.9286914
0.8902126 -0.4466295
0.8089212 -0.6112586
0.4839154 -0.1614799
0.3261261 -0.4302695
0.3116954 -0.7971777
-0.3034394 -0.8095513
-0.1963354 0.1533578
0.2600582 -0.3848016
0.2891753 0.0075377
-0.9027509 0.8748547
-0.1691440 0.6107368
0.1259180 0.6919196
0.0102298 -0.1011673
-0.1845987 0.3143010
0.7055980 0.5307160
-0.2588672 -0.4288351
-0.6317866 -0.2063650
0.1973178 0.7467131
-0.6632310 -0.4472484
-0.2085352 -0.6509253
0.9862454 -0.6282323
0.6448527 -0.4106243
-0.2168651 0.1715444
-0.9521428 -0.6540611
-0.4306079 0.9767775
-0.7936409 -0.4150894
-0.3441279 0.3527930
-0.5216853 0.1260962
0.2171408 -0.6579410
-0.5997249 -0.7034243
-0.4643740 -0.0993778
-0.9625859 -0.4266994
0.6803099 0.7743801
-0.4672552 -0.0030511
0.4335592 0.0636100
-0.2423101 0.6842699
0.3294559 0.0036980
-0.9404338 0.0524521
0.2617118 -0.2673180
-0.3462979 -0.6981436
-0.2983592 0.7614353
-0.1707920 0.1582458
0.0694280 -0.1214573
-0.4274415 -0.8257015
-0.8231942 0.2075455
0.5996908 -0.3023086
-0.4158077 0.8024892
-0.7404180 0.2296950
-0.1612426 0.9104762
0.3286138 -0.7347171
-0.6298250 -0.3678169
-0.6121554 0.8614359
-0.2922119 0.1625232
0.3243520 0.6528763
0.4617047 -0.2470925
0.6971388 -0.1524788
-0.9352357 -0.0173194
0.1004475 0.8359742
0.8401079 0.5261657
0.0336185 0.2687073
-0.2217942 -0.5504407
-0.9795626 0.7835599
-0.4653200 -0.8549624
-0.7440492 0.6245344
0.1625032 -0.0973196
0.2371759 -0.8379054
0.6560070 0.7119174
0.5154947 0.8689964
0.7318930 -0.5852369
0.4451993 -0.5793427
0.1184886 0.6128505
0.5817052 0.9198654
-0.4819763 -0.1465326
0.6252120 0.7084726
0.8535385 -0.2959652
0.1058371 0.5619881
0.9130579 0.5931822
0.8688333 -0.5050935
-0.0005496 -0.9830705
0.5335370 -0.0889794
-0.7418639 -0.7939507
-0.9680901 0.4122531
0.3315216 -0.7343663
0.1022244 0.5968407
0.2847734 -0.9943986
0.8118317 0.7545168
0.0000470 0.2040633
-0.8570412 0.0564194
-0.6712163 0.1282177
0.5931388 0.1991524
0.1120823 -0.8026474
0.4033759 -0.1441211
-0.3719348 0.5356563
0.8653790 -0.4634866
-0.1781565 0.2527793
0.0708584 -0.5720377
-0.2978178 0.6903286
0.1153137 0.3304448
0.0959106 0.6135056
-0.4224915 -0.4176811
0.6296018 -0.6895558
0.1717489 0.9336162
0.6372552 0.3692346
0.1677106 -0.0676783
0.2534984 0.7474579
0.1847465 -0.8446546
0.4746623 -0.3232180
0.8355400 -0.2189049
0.0730059 -0.0909119
0.4216233 -0.3342220
-0.5062118 0.0300450
-0.9902260 0.4597747
0.1181583 0.2819494
-0.9791358 0.2205287
0.2808969 -0.5267416
0.8564817 -0.6295249
0.3208446 0.2047961
-0.2856350 -0.6908155
-0.5188003 -0.6743228
0.7655964 0.5458506
-0.0840084 0.5615581
-0.7577780 -0.8675339
-0.1372884 -0.8079482
-0.8979364 -0.3265391
-0.4049676 0.3847930
-0.8841093 0.9183805
0.0210696 0.3342012
-0.0476297 -0.0181273
-0.6790981 0.3030201
0.3301951 -0.7152661
-0.5341315 -0.6896670
-0.6987872 0.6580477
-0.3513833 -0.0605361
0.8019737 -0.5284432
0.2038201 0.7234838
-0.4858198 -0.3048535
0.6929914 -0.7107846
0.4804145 -0.1804050
0.8959319 -0.7103882
0.5526617 -0.1322960
0.0754635 -0.7014170
-0.5624974 -0.7387099
0.5390135 -0.9151669
0.4459357 0.0332384
0.6541494 -0.9831179
-0.4841068 0.5295655
0.0237988 0.1130468
-0.4852115 0.8459749
-0.9263135 0.2055401
0.1777090 0.6633083
0.4398119 0.1209141
-0.6466080 -0.4861231
0.6136522 0.9549782
0.8233077 0.6623775
0.5363208 0.5539341
-0.1795214 -0.9151084
0.3413389 0.5156037
0.9806629 -0.9765853
-0.1975464 0.3532347
-0.7953384 -0.0056490
-0.5565061 0.6237764
0.2206519 0.2349898
-0.7535206 -0.1539854
-0.2299970 -0.7140955
0.5268242 -0.7968303
-0.3673513 0.0854494
-0.1459105 0.2629754
-0.5067251 0.2914595
0.3770736 -0.5526767
-0.5017388 0.3873432
-0.6984741 0.0687744
-0.6984305 0.7984022
0.7901019 -0.2493616
0.2531778 0.1585569
-0.0934042 -0.8866589
-0.1170143 0.4361678
0.2710007 -0.6084002
-0.0415842 0.6011685
0.1521340 0.3478683
0.0601802 0.9324941
-0.2607197 0.6871140
0.5677465 -0.6034851
-0.7899737 -0.0108761
-0.5661079 -0.0934000
0.9535917 -0.0033303
-0.8116128 0.9610599
0.1844874 -0.3753156
0.1030783 -0.8536659
-0.5836049 0.6814850
-0.8451435 -0.2409305
0.5239585 -0.9100384
0.1367962 -0.2939411
0.3687351 -0.0656391
-0.4063711 -0.5322921
0.8865530 -0.2688164
-0.6584344 0.8408388
0.7080579 0.3943270
0.7709470 0.6893506
-0.1190795 0.9747253
-0.5855710 -0.1990974
0.1187907 -0.0218309
-0.1097391 0.7017928
-0.7966816 0.8011947
-0.7671120 0.6837006
-0.9104904 -0.1908985
0.7643445 -0.7039109
0.7646313 0.2427708
0.3474637 -0.8203799
0.6192498 -0.8114335
-0.5080771 -0.1220234
0.9241968 -0.9420953
-0.6640611 -0.7870659
-0.9854199 0.3518424
-0.9874099 -0.7089652
-0.7408354 0.5663460
0.9299188 -0.6432381
-0.5889435 -0.8010039
0.3716767 0.0696018
0.3332603 -0.9385375
0.2802245 -0.7568984
0.4645563 -0.2992947
0.5060849 -0.7711519
0.1253686 0.6886432
0.7435988 -0.6878468
-0.5985456 0.4319786
0.0111000 0.8011243
0.6760702 0.8664457
0.6862813 0.0948047
-0.1327542 0.1739350
0.8191101 0.6144891
-0.0199583 -0.2449943
0.3078422 0.4883747
0.5738019 -0.4701150
-0.5051335 -0.3453284
0.2902924 0.4901349
-0.5550104 0.6050178
0.9270794 -0.4180477
0.6318348 -0.2529546
-0.2950592 -0.7143553
0.6817749 -0.7513751
0.5856154 0.3026398
0.0884486 0.1381953
0.2960210 -0.8065525
-0.7215626 -0.8983744
-0.7204540 0.2176700
-0.6355031 -0.9906450
0.9807013 -0.0286864
-0.8342432 -0.9690991
0.9067588 -0.0481103
0.4312090 0.8010399
0.6879448 0.1370035
-0.8444959 0.2560438
-0.0191678 -0.5299741
0.5663695 0.9353482
-0.1647808 0.0338560
-0.1276242 0.7036270
0.3439564 0.6354953
-0.3020309 0.1924101
-0.9401090 -0.7185125
-0.1521975 -0.4028404
0.6726586 -0.9675958
-0.4949830 -0.9260347
0.1392823 0.8078264
0.2197449 -0.3102891
0.5179512 0.4048607
0.5048242 0.2095034
0.1677343 -0.9357407
0.2870429 -0.4479624
-0.4115718 0.0962770
-0.8740139 0.2758079
0.5103319 -0.3692757
