0.8150209 0.8504669
-0.7221990 0.0196892
-0.7199989 0.2921735
-0.9918273 0.3001970
-0.2521954 -0.6338854
-0.9411317 -0.2971226
-0.8626534 0.8655525
0.7193020 0.2668732
0.2290943 0.3072996
0.0042899 0.0586773
-0.9638503 0.4526434
0.6256443 -0.9969712
0.3249246 -0.6409396
0.0197589 0.1578098
0.0578796 -0.1168160
0.6783725 -0.6427563
-0.9626585 0.2653078
0.0963664 0.2914102
0.2127201 -0.0433608
0.9441034 0.7818511
0.9968516 -0.2669242
0.8712423 -0.0550020
0.0064205 0.0174278
-0.0215530 -0.7014888
0.2096987 0.1546739
-0.4687722 -0.6776432
0.2815973 0.5967547
0.8920472 -0.5712858
0.4295498 0.0307908
-0.1269569 0.8657848
-0.0074917 -0.7352800
0.0317259 -0.0891646
-0.2356295 0.1461344
0.2918174 0.5954170
-0.1081792 0.1714712
-0.4270906 -0.8416281
0.3463286 0.0096402
-0.1360055 -0.7402709
0.9798861 -0.5603141
-0.0728304 -0.4770711
0.2476569 -0.9134978
-0.0132870 0.1794978
0.1011428 0.1780122
-0.0819657 -0.6401128
0.1266231 0.7896969
0.7326881 0.0579547
-0.9840493 -0.7057421
-0.8541189 -0.7944127
-0.9487351 0.7224305
-0.7128927 0.0213685
0.2418716 0.4809581
-0.7152289 -0.3893098
0.3875842 -0.0248617
0.6726344 -0.7882576
0.3926066 -0.4572584
0.0213903 0.0945815
-0.4433130 -0.2161831
-0.0278748 -0.9382854
-0.6193409 -0.6533729
0.3440877 0.7227978
0.9910975 -0.8350281
0.2313984 0.7347416
-0.2002548 -0.2999009
0.2345076 -0.8646434
-0.9121654 0.8545301
-0.1846663 -0.2216016
0.4973754 0.4301458
0.0829700 -0.4430150
-0.8718672 -0.3916991
0.8280570 -0.7284182
-0.0164310 -0.7877758
-0.8450606 -0.8436046
-0.6395365 0.3038000
-0.4184406 -0.7003872
-0.5781114 0.6995623
-0.8426931 -0.2227783
-0.2467056 -0.0637178
-0.5438254 0.3670947
-0.9715760 0.3642759
-0.2538306 0.9029808
0.3584511 -0.4374051
0.2585762 0.2232169
-0.0300391 0.9632370
0.6105978 0.2105721
-0.9450480 -0.6282208
-0.3740742 0.3539175
0.0582261 0.9165007
-0.6805968 -0.9950826
0.5717689 -0.8566968
-0.7544002 0.5321599
-0.4776274 0.1388982
0.3171075 0.0733826
0.3515795 0.2931345
-0.9591369 0.6456041
-0.3211611 -0.8560245
-0.7580586 0.4653857
0.8171585 -0.6803625
-0.0463490 0.6255678
-0.8332143 0.9439149
-0.1555838 -0.4286642
0.5795979 0.4605355
0.3733862 -0.7495069
0.6265355 0.5988670
0.7099528 0.1978597
0.6472065 0.5161280
0.3725320 0.3599106
0.4387452 0.0510428
0.7539993 0.9545426
-0.4358892 -0.7101800
-0.0137561 0.1643243
0.8578977 -0.6799851
-0.4665085 -0.2941676
-0.3440068 -0.0881188
-0.8821258 -0.6925124
-0.2534271 0.3574414
0.1506097 0.7694264
-0.1797985 0.7303048
0.7390920 0.6159785
0.8864570 -0.1399066
-0.8948259 0.9349058
0.8030224 0.4377935
0.9197806 -0.7690252
0.9046624 0.3984404
0.4402586 -0.7712680
-0.9310707 -0.4496072
-0.7649888 -0.0569980
0.1111218 -0.0876844
0.5982734 -0.5706296
-0.1955036 0.4847417
0.9991664 0.0512640
-0.7935479 -0.1905335
-0.2208394 0.7826026
0.5718983 -0.6088165
0.8026002 0.5138329
-0.8381591 -0.9976308
-0.0017469 -0.4636465
-0.5696011 -0.6113579
-0.4614140 -0.6357017
-0.8945106 0.3588642
0.1471026 -0.7676111
-0.3616989 0.8165054
-0.2368106 -0.0894913
0.0308695 0.8764063
0.3474258 -0.4742815
0.4107596 -0.7074565
0.4215192 0.4711384
0.1301646 -0.8886797
0.5063266 -0.2002151
-0.9907239 -0.5563983
-0.7496815 0.9009171
-0.0521705 0.8795280
-0.3850556 0.8260927
-0.3069713 0.9338690
0.4410737 0.8916014
-0.0913930 -0.2309868
-0.5635847 0.6977182
0.3969284 0.4209257
0.7083656 -0.8032323
-0.9622610 0.2485232
-0.8432404 0.9638451
0.7972508 0.7844020
0.1553256 -0.0484095
0.6312505 -0.1127861
0.1087411 -0.9870013
0.1660697 0.6241049
0.0801673 -0.1867359
-0.3862302 0.0171033
-0.1851185 -0.6420137
0.0123304 0.1631666
0.9885195 -0.9427411
-0.8209789 0.5467624
0.8812084 0.1348892
0.7613720 0.7329465
-0.4564081 -0.8006855
-0.5388141 -0.8110654
0.6634300 -0.6914400
0.3853656 0.0962812
-0.6578348 -0.8008880
0.7517514 0.6430896
0.9666946 -0.9008198
-0.2157022 0.9630931
0.9983413 -0.1200508
-0.0083526 -0.0228269
-0.5113495 -0.2906801
-0.3910360 -0.6162426
-0.5068243 0.7773573
-0.5036428 -0.7783355
-0.0697436 -0.3270352
0.9379547 -0.1515963
0.5680060 0.4260525
-0.0544835 -0.1471414
0.2453475 0.0140859
-0.2371274 0.0892368
0.7740016 -0.2364827
0.4286176 -0.8691371
-0.5870580 0.1030417
0.1139046 0.9717980
0.2782306 0.8945545
0.4441160 0.0191215
0.0158451 -0.3522356
-0.4426859 0.2945005
-0.8569937 -0.9357935
-0.8114427 -0.8420379
-0.7384136 0.1312649
0.6416641 -0.9180335
-0.0094261 -0.6660693
0.8189739 -0.1910659
-0.4401748 -0.9221435
0.9923486 0.8698577
0.0881490 -0.6810603
-0.0440224 0.0478787
0.0556676 0.4294443
-0.1443800 -0.2867732
-0.4063279 -0.1656038
0.9896333 -0.8133788
-0.3169672 -0.2710643
0.2121683 -0.5727598
0.9162660 -0.0547225
0.0089701 -0.0837980
0.8175167 0.8284452
0.4744900 0.1318484
-0.9930281 -0.0863175
-0.9406445 -0.7312756
0.3504476 0.2355090
0.3170354 -0.1491507
-0.2584489 -0.6939720
0.9697677 -0.7240086
-0.9282950 -0.1754373
0.8892313 -0.2501731
-0.0568026 0.4500141
0.9632105 0.8532948
-0.6053548 0.7593239
-0.8396115 -0.1526668
-0.1933586 -0.1417426
-0.4040728 -0.6819959
-0.6628160 0.6492516
0.6190683 0.7956458
-0.5436723 0.6433345
-0.2667814 0.1458581
0.7483081 -0.0328526
0.9263455 -0.8693200
-0.4733803 0.3013919
0.7120880 -0.6632379
-0.3185353 0.9806403
-0.1608014 -0.4788587
0.2788016 -0.2341417
-0.3138772 0.1502967
-0.5940812 -0.3079624
0.0596943 -0.7514021
0.9638572 0.9334114
0.6402292 0.2317153
0.8141978 -0.7297276
-0.0714479 -0.8569089
0.7968455 0.8644608
0.5848598 0.8321294
0.3787802 -0.1328260
0.6095054 0.6503305
0.3582716 -0.0933358
-0.5762416 0.7427475
-0.5990966 -0.5522464
-0.5681053 -0.5983786
0.2728067 0.9130073
-0.8559789 -0.4585273
-0.7018062 -0.8737166
-0.3570051 0.1272994
-0.9032126 0.7553535
-0.9661116 -0.9783560
-0.4977552 0.2028363
0.4100157 -0.9159029
-0.7470004 -0.0129478
0.4789165 -0.8405783
-0.6986017 0.5201048
-0.8241217 -0.5434360
0.7949260 0.1004473
-0.6539439 0.7199559
0.4225056 -0.1580331
-0.7672232 0.5738015
-0.7046239 -0.5958167
-0.3662262 -0.5341839
-0.2955255 -0.7567746
0.6915335 0.3896568
-0.0008323 -0.7846109
-0.6299193 0.9292915
0.6960474 0.4294737
0.7732070 -0.9821375
-0.7918812 0.3046119
0.0454114 0.6000693
0.4716927 -0.3840729
-0.3890056 0.1740569
-0.1936499 -0.3072425
-0.0941246 -0.9468219
-0.5847314 0.8826454
-0.3429921 0.3530696
-0.7393441 0.9418043
0.6998517 -0.2296232
0.4368861 -0.7764255
-0.3183545 -0.4124559
-0.5886231 -0.8799681
0.4243115 0.2870659
-0.6313276 -0.6215775
-0.9117535 0.6722878
0.7748659 -0.3408381
-0.2805084 0.8131906
-0.4441790 -0.6517199
-0.7110956 -0.2033015
-0.7861651 -0.4085886
0.5399962 0.3816591
-0.6666642 0.2671945
-0.8495295 0.4139982
0.8243032 -0.8011234
0.1545624 -0.7048808
0.2941043 0.9109023
-0.0225847 0.7103354
0.4508857 0.4585798
0.6035039 0.5058619
0.1813122 0.5484880
0.3649459 -0.0628495
0.0385408 -0.9784384
0.1106799 -0.7063232
-0.6591162 -0.7486145
-0.3440618 -0.4092037
0.7027478 0.0997071
-0.7187554 -0.3766631
-0.7668375 0.1172796
0.2909709 0.8066657
-0.8993174 0.8419854
0.7738688 -0.2553158
0.4026214 -0.6304362
0.2494031 -0.0079743
0.7069281 -0.0888850
-0.0376947 -0.5389018
-0.0299474 -0.1874019
-0.4814370 0.8376954
-0.8018144 0.6161149
0.3221556 0.6954705
-0.1967794 -0.8586234
0.1447139 0.1348948
-0.4501440 0.2161054
0.5970249 -0.2459316
-0.2142508 0.9986434
-0.1983914 -0.0394498
-0.2892969 0.0640755
-0.0515360 -0.1180306
0.8128586 -0.8220995
-0.3051593 0.9399358
0.1823043 -0.7720173
0.9556785 -0.4851350
-0.8668284 0.6700206
-0.9852009 -0.3384092
-0.8296903 0.0243169
0.7409523 0.2272593
0.6147193 -0.5255655
-0.7716847 -0.8131091
-0.2758915 0.1243254
0.3409027 0.0224298
-0.8433589 0.3205553
0.8422784 -0.1221600
-0.9492722 0.4306067
0.8286590 -0.4104174
0.5540895 0.7084755
-0.7338280 -0.5410743
-0.4423389 0.3288997
-0.5407545 -0.3033337
0.1176172 0.8660538
-0.0147659 -0.4349088
0.8931716 0.4380679
0.3960676 0.4434426
-0.0696755 -0.4083277
0.2855375 -0.7154526
0.3505775 -0.6081326
0.3939987 0.7441875
-0.8850810 0.0854502
0.6148495 -0.7464656
0.4691702 -0.1404938
-0.4249356 -0.4869479
-0.9688458 -0.0570120
-0.3104658 0.8535809
0.6344561 0.0791746
-0.2472937 0.1068197
-0.6740254 -0.4924836
-0.6207934 -0.5427814
0.6577469 -0.8106086
0.9406823 0.9035795
-0.4705269 -0.4317785
0.2363418 0.4670070
-0.6411047 0.5581825
0.0453798 -0.2631329
-0.8526433 -0.2990897
-0.1358274 0.8659309
0.1197976 0.0252471
-0.2327641 -0.3593248
0.7427482 -0.2932739
-0.6828383 -0.8316379
0.1096030 -0.3580811
-0.1802599 0.7168986
0.3376764 -0.0816272
-0.1673510 0.9074555
0.6664552 -0.7357198
0.2566024 -0.0904171
0.3894384 0.9325473
0.3174267 0.0005676
-0.6170628 0.4714031
-0.1226501 -0.8801932
0.1895091 0.4382519
0.5278915 -0.8405961
0.2906586 0.2739999
-0.2018149 0.2132854
-0.9133802 -0.9668371
-0.7040934 0.7277143
0.1652461 0.5732273
-0.8536087 0.1775268
-0.3799031 0.4939587
0.8581081 0.9874608
0.2580040 -0.5849840
-0.6712854 -0.5789616
0.2606049 0.6054489
-0.8820628 0.8176218
0.5409006 -0.8801383
0.7731837 -0.6423601
-0.5969002 -0.4012577
-0.4054886 -0.2893619
0.5210191 -0.8944184
-0.6691585 -0.8459952
-0.7824033 0.7330352
-0.8866621 0.8561330
-0.6768913 -0.0537778
0.8540253 -0.7914540
-0.2285319 -0.4893135
0.1118600 0.6123233
-0.8576059 -0.8051781
0.0818967 -0.7478010
-0.2791527 -0.8494732
0.5412650 -0.7195814
0.4579529 0.6683984
-0.4147222 -0.8902652
-0.1935106 0.0507062
-0.2298944 -0.9518392
-0.2794509 0.5095458
-0.0151946 -0.9293013
-0.1671098 0.9964829
-0.9012049 -0.3430551
0.0804990 0.9612165
-0.6074507 0.4473077
-0.9063344 -0.0734519
0.0983088 -0.0039255
-0.3613923 -0.2767156
-0.4336904 0.3390500
0.4358167 0.5258842
0.5609257 -0.1572450
-0.0400397 -0.2797423
0.2808141 -0.8896503
-0.9769579 -0.0833658
0.1804859 -0.2639788
0.2150625 0.0094782
-0.9000305 -0.2201145
0.3984923 0.1828698
0.1513282 0.6951938
0.9077921 -0.1781002
0.6665330 -0.5522682
0.8709792 0.4250521
0.8188357 0.4933818
0.3884181 -0.5830341
-0.8691826 -0.8890690
-0.6137881 -0.1890263
-0.9651875 -0.5876321
-0.7547714 0.4843934
-0.1066800 0.9471412
-0.4374476 -0.3425471
0.4609181 -0.0393856
0.3154612 -0.0454752
0.2354204 -0.6745681
0.9930366 0.4385575
0.9709107 0.3269977
0.5884678 -0.3441454
0.8246677 -0.9912037
0.2407927 0.7192156
0.3617561 -0.4955122
0.0881280 0.6389806
-0.6208813 -0.4181961
0.6326143 -0.6861072
0.0626551 -0.1357603
0.8850888 0.3051062
0.4762339 -0.8431898
-0.1860126 0.5151802
-0.8813555 -0.0082579
0.2368506 -0.6697229
-0.5533265 0.0368220
0.0964153 -0.1640513
-0.7313070 0.5730040
0.9588776 0.9976823
-0.4824849 0.7579403
-0.4750007 -0.0305146
0.2195559 -0.1944506
0.2592052 0.7035106
0.1535891 0.4141088
-0.0806860 -0.9237100
-0.1221576 0.9916380
0.0240503 0.5750518
-0.2857399 -0.9668676
-0.6895736 0.5542980
