-0.1314026 0.3821298
-0.7857801 0.6902015
0.2434030 -0.4469069
0.6406379 -0.7818749
-0.6693000 -0.5299735
-0.4128082 -0.4480764
0.2606059 0.1575312
0.3117708 0.2044759
0.8339131 -0.2298591
-0.4862555 -0.5420056
0.6842476 -0.5782116
0.0834891 -0.2321980
-0.4811799 0.8018714
0.7700852 0.7668133
-0.1371095 0.9904532
0.9503250 -0.6899419
0.4860142 0.1334571
0.3131534 -0.5515426
0.1468216 0.4466833
-0.4645055 -0.7099999
-0.4198647 -0.7071409
0.2125035 -0.6405973
0.4446904 -0.5366033
-0.0400790 0.5183720
-0.3628780 0.2593865
0.2437408 0.7709549
0.2788814 -0.1234806
0.6043061 -0.9083038
-0.3242699 -0.0527386
0.8482330 0.8901539
-0.3959743 0.9424813
0.5137868 0.2782607
-0.0356788 0.6066868
0.0892473 -0.2666287
0.8953938 -0.9194795
0.9786717 0.7991575
0.3127117 0.3094867
-0.3421900 0.4066102
0.3960567 -0.1411461
-0.3154635 -0.6455131
0.4534750 -0.6399649
-0.2144128 0.0457463
0.0101345 -0.8360783
-0.5086903 0.0111694
0.2499413 0.4909768
-0.3455898 -0.7386001
0.3009328 0.9863951
0.9305441 -0.1716787
-0.1066483 0.7923396
-0.3926470 0.1275917
0.5798923 0.6814302
-0.3963501 -0.7744357
-0.5635416 -0.5726804
-0.6182033 -0.7237556
0.5079001 0.0133457
0.9151477 -0.4778748
0.4529027 0.1076625
-0.2505199 -0.8559949
0.2175923 -0.1814437
-0.9413614 -0.3860070
0.3699481 0.6149767
0.6479196 -0.5155185
0.0952514 -0.6772213
-0.3607347 -0.6285549
0.2370667 -0.9576082
-0.4052118 -0.9018817
0.3782328 -0.9161485
0.6413095 0.0527176
0.5972171 -0.0541441
-0.2502938 -0.8642182
-0.0566555 0.7922284
-0.1943161 0.4750949
0.7377636 0.1818483
0.9744486 -0.1665151
0.3786926 0.5194916
0.2599903 0.5673189
0.7470868 -0.5748267
0.8113339 0.0561074
0.7241478 -0.3820526
-0.8163968 -0.6210685
0.5936503 -0.1918288
-0.3751228 0.9751266
-0.1451550 0.4989903
-0.6742757 0.1693161
0.8130737 0.9026977
-0.9540595 0.4726910
-0.4552554 0.5991034
0.9952953 -0.7727854
0.5670478 -0.6382518
-0.4398062 0.3370613
-0.2780804 0.1230416
-0.3195135 -0.2477320
-0.6548600 0.6284190
0.1428801 0.3201936
0.9907463 -0.6167963
-0.5406180 -0.2185203
-0.7310191 0.3042801
0.9639904 0.9373457
0.0189735 0.9275578
-0.2450916 -0.5013362
-0.2883655 -0.0335819
0.3843422 0.4802237
-0.3168083 0.2457806
-0.3461742 -0.8881040
0.0356666 0.0241790
-0.5183014 0.5322208
-0.4110525 -0.6542711
0.8969146 -0.6100005
0.2464820 0.6698713
0.3252192 0.1104899
-0.4450083 -0.8575776
0.3549731 -0.2717567
0.6702353 -0.7881028
-0.3650638 0.6538852
0.0249846 -0.4176855
-0.7837110 0.4278646
0.9270028 0.9961159
0.6805587 -0.3131911
0.1148337 -0.7946192
0.5391995 0.6170846
0.7895204 0.7605833
0.9820737 -0.2641635
0.8901164 -0.5940015
-0.3418868 -0.0735474
-0.8884565 0.2647323
0.9489366 -0.0594286
0.0702052 -0.2055573
0.3188467 0.3435144
-0.8040394 -0.9892850
0.8192216 0.0988963
-0.7952787 0.9739044
0.3839546 0.6123001
-0.4179132 0.2059966
-0.9305698 0.4439342
0.6725795 -0.4716766
0.3518438 -0.5698780
0.8446908 -0.4950390
-0.5930520 -0.0193509
-0.2214094 0.5953800
-0.9321910 -0.9555914
-0.9497410 -0.7303060
-0.3582743 0.3953490
0.9057411 0.5705311
-0.6698831 0.2945852
0.4119215 0.0864208
-0.6255707 0.6552013
-0.4786164 -0.1251631
-0.3381994 0.2715388
-0.6678652 0.7835522
0.6273537 0.9801265
-0.5738450 0.0155815
0.7392857 0.7095876
0.2704393 0.1560249
0.8077195 0.0002168
-0.6312889 0.4450096
-0.0994714 0.7688594
-0.6018066 -0.4874243
0.7960644 0.0306470
-0.1199428 0.5504913
0.8495357 0.3933994
0.3834581 -0.2611290
-0.1179494 0.2313896
0.4845897 0.3820763
-0.0165231 0.5238214
0.9247236 -0.2127248
-0.7557858 -0.4351520
0.2144357 -0.0481559
0.8229186 -0.8498029
-0.1829825 0.9129218
0.7530978 0.0689735
-0.8924754 -0.8511911
0.1251188 0.2926851
-0.6357545 0.4665892
0.6266095 0.2851569
-0.4369470 0.3595670
0.4040847 -0.9238457
-0.4497816 -0.6350345
-0.4267274 -0.8847597
-0.8473258 -0.1945584
0.8044199 0.4612357
-0.7829013 0.0418094
-0.6343560 -0.5346798
-0.1190614 -0.2409783
0.9487188 -0.9425954
-0.1810650 -0.4070011
-0.9599520 0.1654355
-0.9404015 0.3128335
-0.6645982 0.4618988
-0.6457358 -0.3514161
-0.2296311 -0.3362855
-0.0067073 -0.4532660
-0.1405126 0.4751749
-0.2805495 0.8183780
0.7016261 -0.2993127
-0.0809251 0.9250205
0.1641782 0.5735069
0.3879710 -0.3336244
-0.4579984 -0.9462918
0.8103754 0.6439754
-0.2751581 -0.0098738
-0.9853464 -0.6867273
-0.9800701 -0.0058027
0.8217796 0.5106581
-0.9219594 0.0817694
0.6363041 -0.7358719
-0.8046321 0.3134954
0.5525590 0.2892867
-0.6079223 0.8048158
0.7525609 -0.7968649
0.0051967 -0.1083799
-0.3319187 0.6482188
0.5079646 0.3286602
-0.4191607 0.6067779
0.0880825 -0.6140896
0.3714468 0.0608688
-0.5771822 0.5300938
0.2073837 0.0905317
-0.1200821 -0.8618759
0.0392259 -0.0648951
-0.0079637 0.5976420
-0.5869956 0.1071853
0.1225337 -0.4921337
-0.9744031 -0.8823120
0.5225319 0.0722636
-0.7316396 -0.3315412
-0.0458967 0.2246026
-0.2787618 0.3181330
-0.2561709 0.2297256
-0.7783438 -0.1165719
-0.2710097 -0.4409252
0.5830059 0.6459863
0.1228091 0.9825490
-0.4572339 0.0057606
-0.6774959 -0.9519585
-0.8162356 0.4637464
0.7280175 0.1693604
0.4082268 -0.6291658
-0.7626844 -0.0494631
-0.6343062 -0.4357681
0.6996085 -0.4539505
0.0975190 -0.9945975
0.8759695 -0.5056631
0.7167368 -0.5054132
0.3768192 -0.5358070
0.4985952 0.5176785
-0.5658303 0.4490602
-0.2371808 -0.2846532
-0.7191479 0.1057796
0.5422136 0.4026794
-0.7895605 -0.9245546
-0.1627412 0.1573410
-0.4053648 0.1633744
0.2643371 -0.4561395
0.2336394 -0.5865006
-0.8126220 -0.7280901
-0.1566945 -0.5989360
-0.2403516 0.3805454
0.6686542 -0.6408958
-0.2330218 0.2788829
0.8479737 0.9584093
0.4111078 0.7785431
-0.3716009 0.4957648
-0.5779395 0.8962745
-0.4186813 -0.6127545
0.9008962 -0.3912674
0.8268016 0.0539544
0.9567050 0.3905427
0.0176735 -0.6138644
0.7408202 -0.7727651
-0.7813101 0.6760814
-0.3731227 -0.1571893
-0.2973544 -0.2115824
0.0520469 0.8254174
0.6434825 0.8256250
-0.6006341 -0.3837701
0.2747014 -0.4763908
-0.1693916 -0.5928691
-0.7736125 0.3182610
-0.7730109 -0.4966284
0.4890055 -0.4738867
-0.3636199 -0.3763197
0.4370869 0.0436796
-0.0347330 -0.6257749
-0.4712257 0.9100549
0.1239896 -0.6424361
-0.5904228 -0.2884394
0.4244926 -0.5659616
0.0748336 0.6823453
-0.4645078 -0.4618275
0.8437516 0.9906016
0.5363712 0.5033382
0.4931999 0.0744768
0.8274660 0.0611202
0.3489679 -0.8914439
0.0745887 -0.6892414
0.9347370 0.2291615
-0.7898285 0.7690653
0.2996399 0.6925733
0.9274938 -0.8215263
-0.9484124 -0.9209379
0.6372430 -0.1254306
-0.8992936 -0.4983052
0.8503401 0.9103800
0.1924625 0.1422878
0.9975823 0.9578940
0.8928160 -0.3543431
0.6406960 -0.8419789
-0.3093879 0.1947344
0.0173318 0.2299407
0.6298313 -0.6105346
0.7927636 0.3052336
-0.6468796 -0.6238748
-0.9816095 0.9797519
-0.9203075 0.6644265
0.5560552 -0.4549865
0.2857006 -0.8963651
-0.9180790 0.9180769
-0.8543766 -0.0846284
-0.3688506 -0.7448937
-0.0554230 -0.3966120
0.0716142 -0.1281038
-0.1424719 0.3662477
-0.7530506 0.9380993
-0.6813713 0.1284011
-0.6959902 -0.8145885
0.8062347 0.7122306
-0.6351668 0.7343373
-0.4835987 -0.3887455
-0.2666487 0.1562815
0.6562609 0.7985459
-0.6955834 0.8337965
0.9108606 0.3977889
-0.2816133 -0.4043627
-0.7207238 -0.0177847
-0.2849587 -0.9938907
0.8426357 -0.9164865
-0.7820891 0.1248676
-0.8322612 0.7865859
0.7660929 0.4214360
-0.8452980 0.1261564
0.7605882 -0.1135643
-0.6063499 0.3842584
0.4949600 0.4846608
0.8597087 -0.5339161
0.8238779 0.7931178
-0.1450329 0.2901661
0.0978788 -0.6015466
-0.1211225 0.8408830
0.0562677 0.7596501
0.4672775 -0.0639496
0.2838431 0.4010726
-0.5453382 -0.1198248
0.0214338 0.6381765
0.0740850 -0.5422539
-0.1946937 -0.1740272
-0.7830942 0.8010412
-0.1358322 0.2527057
-0.7451000 -0.7404878
-0.8193530 -0.1846080
0.6984976 -0.3865643
-0.6420935 -0.6896739
0.9225159 -0.0234876
0.8180584 0.5242100
-0.4984307 -0.8355823
-0.5151798 0.4834600
0.3252744 -0.9312706
0.1825964 -0.3297890
-0.6722365 -0.5616871
0.6642347 -0.3997947
0.6908137 -0.6679647
0.3771554 -0.2721620
0.9443060 0.3372406
-0.7200428 0.2324425
0.6882765 -0.8559555
-0.3344692 0.4898073
0.7297288 -0.2520650
-0.3893217 0.0163839
0.1103894 0.9360239
-0.8767282 0.4057000
0.2777075 0.7504335
0.4439689 -0.8425750
0.9548059 0.3214759
-0.5585718 0.6589755
0.1727060 0.2187557
-0.1305006 0.1029516
-0.3195067 0.8527923
-0.5736290 0.2581230
-0.7563839 0.9140373
-0.4003955 -0.0726568
0.2561156 -0.1595205
-0.0744276 -0.2359982
-0.1996279 0.3950803
-0.3930774 0.7874482
-0.4092603 -0.9045304
0.6825357 0.2600844
-0.1008566 0.4999784
0.6015508 0.2727920
-0.5579048 -0.0884157
-0.9386376 0.3449884
0.3396105 0.6384819
0.2604482 0.4291741
0.0992246 0.2562675
-0.5479595 0.5203118
0.9536976 0.3400474
0.4624844 -0.6926046
-0.5180256 -0.7511927
-0.2244454 -0.0854997
-0.8029618 -0.6034210
-0.0524971 0.8691684
-0.0259184 -0.7645186
-0.3405582 -0.9319815
0.7638317 0.6472240
0.0619706 0.3267525
0.8634103 0.7556873
0.4938253 -0.4266493
-0.4456491 0.6855728
0.4546745 -0.7874397
-0.7279291 0.2126083
0.5576003 0.3950209
-0.9933060 -0.7107000
-0.7256232 0.2882978
-0.8952088 0.2544194
0.8945174 0.9316829
-0.3925317 -0.8743439
-0.5792750 0.6196472
0.2689685 -0.3064446
0.3236185 -0.5634220
-0.1616574 -0.4846906
-0.7937709 -0.8005825
-0.3775562 0.2963833
0.8640039 0.7696378
-0.2428249 -0.6008269
0.9352952 0.1071062
-0.9023542 0.9803764
0.2441655 0.5153122
-0.7304266 0.8140391
-0.8548382 0.7186470
-0.7384063 0.0159431
-0.9948348 0.5400942
-0.0131769 -0.8669495
-0.9250447 -0.6235969
0.6981519 0.8017891
-0.5536344 -0.3893058
0.3826562 0.0507683
-0.2164326 0.9887478
-0.4138139 -0.6741765
-0.9697246 0.0439653
-0.0386848 -0.7834386
0.3494765 -0.5696046
0.6601137 -0.8908118
0.1042606 -0.0165218
0.4956981 -0.3889994
0.0722357 0.7648219
0.0909378 -0.9645819
0.8245646 0.3382495
-0.6484024 0.5444786
-0.7612909 0.0100324
-0.7624711 0.7125292
0.8147828 0.6784521
-0.2052496 0.2920633
0.0456140 -0.6805719
-0.4072566 0.5640597
-0.5604865 -0.6163206
-0.5298879 0.3200786
0.0745612 -0.3262373
0.4832510 0.3801105
0.1734033 -0.9815505
-0.0727520 0.5609475
-0.0885558 -0.8297253
0.4114947 -0.9621228
0.2386006 -0.1636613
0.4066833 -0.9597798
0.2097845 0.3641367
0.8025433 0.8454234
-0.7303260 -0.5906362
-0.1930776 -0.3549475
-0.1940843 0.2335381
0.7854366 0.2015467
-0.3270970 0.5039674
0.6480869 -0.3771677
0.2091487 0.8891647
0.0449932 -0.5225564
0.1884654 0.1057571
-0.6478310 -0.4175438
-0.8621742 -0.3336025
-0.5659603 -0.2781018
0.4402906 -0.3262755
0.1908684 0.2554329
-0.0357390 -0.5182706
-0.7148125 -0.9571145
0.4249409 -0.9682916
0.6698546 -0.0795708
-0.7901673 -0.4364996
0.1277039 -0.8254319
0.0971612 0.0506189
-0.1783301 0.7903974
-0.0581373 0.3577180
-0.2506211 -0.5950260
0.7774257 0.4337326
-0.4193421 -0.8365184
